Solutions	
1717.0	
1594.0	
1220.0	
1195.0	
1147.0	
1136.0	
1136.0	
1136.0	
1137.0	
1139.0	
1142.0	
1147.0	
1170.0	
1190.0	
1229.0	
1164.0	
1164.0	
1164.0	
1172.0	
1170.0	
1154.0	
1156.0	
1156.0	
1156.0	
1148.0	
1151.0	
1143.0	
1139.0	
1118.0	
1118.0	
1114.0	
1114.0	
1083.0	
1077.0	
1077.0	
1077.0	
1078.0	
1078.0	
1067.0	
1067.0	
1072.0	
1044.0	
1050.0	
1055.0	
1063.0	
1067.0	
1090.0	
1113.0	
1163.0	
1223.0	
1144.0	
1147.0	
1111.0	
1109.0	
1109.0	
1108.0	
1108.0	
1131.0	
1187.0	
1189.0	
1165.0	
1139.0	
1136.0	
1133.0	
1133.0	
1140.0	
1112.0	
1108.0	
1108.0	
1109.0	
1115.0	
1123.0	
1123.0	
1127.0	
1131.0	
1139.0	
1141.0	
1145.0	
1150.0	
1152.0	
1157.0	
1182.0	
1210.0	
1205.0	
1204.0	
1235.0	
1235.0	
1235.0	
1240.0	
1240.0	
1236.0	
1226.0	
1223.0	
1193.0	
1193.0	
1168.0	
1124.0	
1110.0	
1100.0	
1067.0	
1066.0	
1066.0	
1048.0	
1048.0	
1069.0	
1096.0	
1139.0	
1163.0	
1159.0	
1156.0	
1156.0	
1166.0	
1164.0	
1177.0	
1206.0	
1211.0	
1211.0	
1211.0	
1213.0	
1230.0	
1266.0	
1291.0	
1243.0	
1237.0	
1228.0	
1222.0	
1180.0	
1150.0	
1138.0	
1134.0	
1111.0	
1107.0	
1106.0	
1106.0	
1106.0	
1106.0	
1079.0	
1076.0	
1081.0	
1083.0	
1099.0	
1120.0	
1128.0	
1126.0	
1108.0	
1108.0	
1095.0	
1095.0	
1095.0	
1095.0	
1098.0	
1101.0	
1107.0	
1073.0	
1069.0	
1074.0	
1080.0	
1092.0	
1111.0	
1094.0	
944.0	
941.0	
941.0	
923.0	
923.0	
923.0	
923.0	
923.0	
930.0	
929.0	
922.0	
921.0	
920.0	
912.0	
914.0	
919.0	
932.0	
957.0	
957.0	
957.0	
1006.0	
1063.0	
1096.0	
1144.0	
1129.0	
1226.0	
1154.0	
1112.0	
1104.0	
1094.0	
1097.0	
1102.0	
1103.0	
1103.0	
1103.0	
1102.0	
1102.0	
1102.0	
1099.0	
1098.0	
1098.0	
1100.0	
1097.0	
1097.0	
1097.0	
1102.0	
1090.0	
1103.0	
1103.0	
1129.0	
1131.0	
1127.0	
1108.0	
1108.0	
1108.0	
1111.0	
1106.0	
1111.0	
1119.0	
1143.0	
1121.0	
1114.0	
1142.0	
1138.0	
1141.0	
1172.0	
1172.0	
1172.0	
1172.0	
1166.0	
1166.0	
1140.0	
1140.0	
1132.0	
1105.0	
1105.0	
1064.0	
1065.0	
1078.0	
1106.0	
1103.0	
1103.0	
1103.0	
1103.0	
1107.0	
1107.0	
1110.0	
1096.0	
1093.0	
1095.0	
1095.0	
1096.0	
1101.0	
1121.0	
1121.0	
1124.0	
1160.0	
1190.0	
1185.0	
1184.0	
1153.0	
1156.0	
1159.0	
1159.0	
1176.0	
1177.0	
1124.0	
1109.0	
1106.0	
1106.0	
1097.0	
1097.0	
1097.0	
1097.0	
1097.0	
1101.0	
1098.0	
1097.0	
1098.0	
1114.0	
1114.0	
1113.0	
1114.0	
1114.0	
1090.0	
1090.0	
1093.0	
1109.0	
1137.0	
1164.0	
1154.0	
1149.0	
1149.0	
1152.0	
1153.0	
1156.0	
1157.0	
1147.0	
1150.0	
1150.0	
1176.0	
1173.0	
1144.0	
1144.0	
1144.0	
1144.0	
1144.0	
1137.0	
1134.0	
1135.0	
1132.0	
1138.0	
1145.0	
1149.0	
1149.0	
1152.0	
1178.0	
1107.0	
1109.0	
1121.0	
1121.0	
1121.0	
1137.0	
1136.0	
1139.0	
1142.0	
1142.0	
1139.0	
1139.0	
1150.0	
1162.0	
1188.0	
1186.0	
1208.0	
1159.0	
1154.0	
1154.0	
1164.0	
1154.0	
1151.0	
1150.0	
1150.0	
1153.0	
1140.0	
1140.0	
1109.0	
1110.0	
1093.0	
1056.0	
1061.0	
1074.0	
1074.0	
1116.0	
1121.0	
1124.0	
1124.0	
1127.0	
1124.0	
1124.0	
1124.0	
1120.0	
1144.0	
1110.0	
1067.0	
1045.0	
1045.0	
1045.0	
1049.0	
1050.0	
1062.0	
1065.0	
1064.0	
1064.0	
1103.0	
1128.0	
1128.0	
1133.0	
1093.0	
1088.0	
1088.0	
1093.0	
1114.0	
1104.0	
1133.0	
1133.0	
1171.0	
1177.0	
1177.0	
1185.0	
1207.0	
1173.0	
1164.0	
1164.0	
1234.0	
1211.0	
1207.0	
1209.0	
1209.0	
1206.0	
1206.0	
1246.0	
1238.0	
1288.0	
1316.0	
1258.0	
1188.0	
1186.0	
1186.0	
1184.0	
1185.0	
1187.0	
1184.0	
1187.0	
1193.0	
1200.0	
1189.0	
1179.0	
1176.0	
1178.0	
1178.0	
1191.0	
1193.0	
1193.0	
1196.0	
1215.0	
1146.0	
1139.0	
1136.0	
1136.0	
1117.0	
1072.0	
1065.0	
1062.0	
1060.0	
1053.0	
1053.0	
1053.0	
1064.0	
1064.0	
1066.0	
1069.0	
1073.0	
1068.0	
1073.0	
1084.0	
1101.0	
1101.0	
1101.0	
1095.0	
1106.0	
1106.0	
1121.0	
1148.0	
1152.0	
1149.0	
1148.0	
1148.0	
1153.0	
1152.0	
1180.0	
1161.0	
1158.0	
1158.0	
1158.0	
1117.0	
1079.0	
1106.0	
1143.0	
1143.0	
1140.0	
1143.0	
1146.0	
1157.0	
1144.0	
1142.0	
1154.0	
1119.0	
1119.0	
1122.0	
1142.0	
1190.0	
1196.0	
1203.0	
1203.0	
1201.0	
1198.0	
1198.0	
1214.0	
1214.0	
1215.0	
1190.0	
1168.0	
1157.0	
1157.0	
1158.0	
1158.0	
1165.0	
1201.0	
1228.0	
1261.0	
1243.0	
1243.0	
1212.0	
1172.0	
1134.0	
1134.0	
1137.0	
1158.0	
1153.0	
1174.0	
1174.0	
1147.0	
1181.0	
1137.0	
1153.0	
1195.0	
1262.0	
1262.0	
1345.0	
1362.0	
1403.0	
1473.0	
1471.0	
1500.0	
1473.0	
1434.0	
1454.0	
1442.0	
1442.0	
1445.0	
1480.0	
1439.0	
1399.0	
1378.0	
1362.0	
1359.0	
1359.0	
1325.0	
1322.0	
1323.0	
1282.0	
1305.0	
1310.0	
1317.0	
1339.0	
1347.0	
1276.0	
1276.0	
1279.0	
1282.0	
1281.0	
1287.0	
1287.0	
1282.0	
1281.0	
1286.0	
1281.0	
1162.0	
1139.0	
1137.0	
1110.0	
1103.0	
1100.0	
1099.0	
1099.0	
1102.0	
1096.0	
1096.0	
1096.0	
1096.0	
1099.0	
1152.0	
1159.0	
1186.0	
1210.0	
1209.0	
1210.0	
1213.0	
1153.0	
1153.0	
1156.0	
1180.0	
1186.0	
1230.0	
1294.0	
1312.0	
1377.0	
1336.0	
1298.0	
1281.0	
1260.0	
1225.0	
1190.0	
1187.0	
1187.0	
1190.0	
1125.0	
1149.0	
1134.0	
1159.0	
1207.0	
1202.0	
1206.0	
1200.0	
1197.0	
1192.0	
1192.0	
1192.0	
1188.0	
1191.0	
1196.0	
1214.0	
1169.0	
1206.0	
1202.0	
1155.0	
1154.0	
1129.0	
1129.0	
1129.0	
1136.0	
1156.0	
1203.0	
1311.0	
1306.0	
1306.0	
1318.0	
1336.0	
1333.0	
1301.0	
1303.0	
1341.0	
1304.0	
1276.0	
1267.0	
1267.0	
1264.0	
1262.0	
1262.0	
1262.0	
1238.0	
1269.0	
1278.0	
1175.0	
1182.0	
1190.0	
1215.0	
1225.0	
1231.0	
1254.0	
1254.0	
1257.0	
1285.0	
1292.0	
1328.0	
1294.0	
1291.0	
1275.0	
1281.0	
1212.0	
1250.0	
1244.0	
1244.0	
1238.0	
1235.0	
1235.0	
1238.0	
1248.0	
1225.0	
1222.0	
1222.0	
1217.0	
1234.0	
1242.0	
1214.0	
1197.0	
1224.0	
1269.0	
1269.0	
1272.0	
1259.0	
1262.0	
1257.0	
1257.0	
1281.0	
1248.0	
1218.0	
1215.0	
1214.0	
1211.0	
1211.0	
1193.0	
1215.0	
1214.0	
1214.0	
1214.0	
1284.0	
1281.0	
1309.0	
1266.0	
1348.0	
1352.0	
1365.0	
1368.0	
1313.0	
1344.0	
1303.0	
1300.0	
1300.0	
1300.0	
1326.0	
1203.0	
1192.0	
1187.0	
1183.0	
1183.0	
1199.0	
1201.0	
1234.0	
1237.0	
1251.0	
1251.0	
1254.0	
1221.0	
1224.0	
1166.0	
1169.0	
1214.0	
1156.0	
1195.0	
1291.0	
1290.0	
1226.0	
1232.0	
1229.0	
1229.0	
1230.0	
1233.0	
1220.0	
1218.0	
1231.0	
1235.0	
1250.0	
1266.0	
1239.0	
1236.0	
1238.0	
1241.0	
1238.0	
1269.0	
1300.0	
1300.0	
1302.0	
1305.0	
1304.0	
1307.0	
1269.0	
1192.0	
1199.0	
1233.0	
1233.0	
1236.0	
1293.0	
1286.0	
1288.0	
1290.0	
1221.0	
1213.0	
1213.0	
1214.0	
1186.0	
1189.0	
1198.0	
1185.0	
1213.0	
1205.0	
1177.0	
1174.0	
1174.0	
1174.0	
1174.0	
1174.0	
1180.0	
1141.0	
1129.0	
1108.0	
1070.0	
1073.0	
1070.0	
1069.0	
1076.0	
1052.0	
1052.0	
1055.0	
1120.0	
1120.0	
1187.0	
1214.0	
1241.0	
1246.0	
1255.0	
1186.0	
1169.0	
1162.0	
1166.0	
1202.0	
1208.0	
1205.0	
1204.0	
1194.0	
1194.0	
1204.0	
1221.0	
1250.0	
1272.0	
1251.0	
1240.0	
1243.0	
1243.0	
1243.0	
1263.0	
1294.0	
1229.0	
1225.0	
1225.0	
1225.0	
1227.0	
1230.0	
1259.0	
1243.0	
1273.0	
1247.0	
1242.0	
1239.0	
1239.0	
1247.0	
1214.0	
1114.0	
1045.0	
1042.0	
1042.0	
1042.0	
1059.0	
1129.0	
1149.0	
1145.0	
1138.0	
1148.0	
1148.0	
1132.0	
1125.0	
1128.0	
1131.0	
1139.0	
1173.0	
1203.0	
1173.0	
1114.0	
1093.0	
1032.0	
1023.0	
1027.0	
1027.0	
1037.0	
1037.0	
1037.0	
1089.0	
1082.0	
1089.0	
1079.0	
1078.0	
1048.0	
1049.0	
1051.0	
1115.0	
1121.0	
1111.0	
1107.0	
1110.0	
1191.0	
1184.0	
1180.0	
1179.0	
1180.0	
1195.0	
1188.0	
1141.0	
1141.0	
1142.0	
1073.0	
1070.0	
1069.0	
1069.0	
1070.0	
1079.0	
1081.0	
1043.0	
1039.0	
1034.0	
1059.0	
1071.0	
1071.0	
1078.0	
1081.0	
1096.0	
1112.0	
1106.0	
1152.0	
1152.0	
1098.0	
1094.0	
1124.0	
1124.0	
1146.0	
1143.0	
1143.0	
1136.0	
1136.0	
1132.0	
1133.0	
1130.0	
1169.0	
1163.0	
1163.0	
1141.0	
1142.0	
1142.0	
1145.0	
1129.0	
1136.0	
1126.0	
1168.0	
1168.0	
1171.0	
1217.0	
1272.0	
1279.0	
1275.0	
1279.0	
1265.0	
1262.0	
1262.0	
1227.0	
1226.0	
1244.0	
1237.0	
1229.0	
1229.0	
1233.0	
1243.0	
1271.0	
1265.0	
1195.0	
1171.0	
1270.0	
1200.0	
1150.0	
1136.0	
1136.0	
1136.0	
1136.0	
1136.0	
1136.0	
1142.0	
1138.0	
1143.0	
1165.0	
1194.0	
1156.0	
1126.0	
1129.0	
1173.0	
1174.0	
1171.0	
1206.0	
1238.0	
1269.0	
1238.0	
1303.0	
1366.0	
1365.0	
1397.0	
1394.0	
1374.0	
1336.0	
1333.0	
1333.0	
1206.0	
1208.0	
1183.0	
1117.0	
1048.0	
1048.0	
1050.0	
1067.0	
1131.0	
1202.0	
1195.0	
1188.0	
1181.0	
1175.0	
1175.0	
1175.0	
1205.0	
1206.0	
1206.0	
1225.0	
1226.0	
1210.0	
1169.0	
1165.0	
1165.0	
1165.0	
1141.0	
1146.0	
1163.0	
1132.0	
1132.0	
1135.0	
1136.0	
1160.0	
1213.0	
1268.0	
1131.0	
1136.0	
1135.0	
1135.0	
1135.0	
1135.0	
1135.0	
1171.0	
1190.0	
1183.0	
1248.0	
1244.0	
1240.0	
1331.0	
1298.0	
1314.0	
1343.0	
1354.0	
1362.0	
1379.0	
1417.0	
1414.0	
1414.0	
1398.0	
1440.0	
1330.0	
1264.0	
1240.0	
1243.0	
1313.0	
1306.0	
1267.0	
1253.0	
1147.0	
1187.0	
1146.0	
1113.0	
1118.0	
1118.0	
1118.0	
1120.0	
1144.0	
1188.0	
1224.0	
1294.0	
1294.0	
1294.0	
1258.0	
1266.0	
1261.0	
1289.0	
1355.0	
1370.0	
1375.0	
1375.0	
1385.0	
1361.0	
1370.0	
1370.0	
1370.0	
1333.0	
1241.0	
1212.0	
1206.0	
1175.0	
1145.0	
1169.0	
1149.0	
1079.0	
1055.0	
1144.0	
1144.0	
1150.0	
1179.0	
1178.0	
1176.0	
1149.0	
1144.0	
1110.0	
1120.0	
1118.0	
1135.0	
1135.0	
1147.0	
1171.0	
1200.0	
1298.0	
1298.0	
1298.0	
1313.0	
1363.0	
1366.0	
1392.0	
1491.0	
1417.0	
1417.0	
1393.0	
1376.0	
1376.0	
1375.0	
1328.0	
1288.0	
1233.0	
1229.0	
1232.0	
1248.0	
1206.0	
1206.0	
1205.0	
1076.0	
1076.0	
1076.0	
1076.0	
1078.0	
1094.0	
1116.0	
1125.0	
1119.0	
1141.0	
1051.0	
1049.0	
1048.0	
1072.0	
1072.0	
1090.0	
1130.0	
1114.0	
1212.0	
1204.0	
1234.0	
1237.0	
1244.0	
1240.0	
1177.0	
1253.0	
1253.0	
1229.0	
1227.0	
1227.0	
1297.0	
1241.0	
1237.0	
1270.0	
1242.0	
1203.0	
1203.0	
1219.0	
1253.0	
1275.0	
1275.0	
1210.0	
1234.0	
1229.0	
1191.0	
1191.0	
1190.0	
1194.0	
1197.0	
1220.0	
1222.0	
1222.0	
1230.0	
1271.0	
1287.0	
1287.0	
1263.0	
1263.0	
1265.0	
1256.0	
1256.0	
1255.0	
1255.0	
1250.0	
1253.0	
1215.0	
1222.0	
1246.0	
1248.0	
1263.0	
1263.0	
1239.0	
1251.0	
1248.0	
1269.0	
1252.0	
1248.0	
1242.0	
1233.0	
1232.0	
1232.0	
1232.0	
1258.0	
1250.0	
1274.0	
1250.0	
1250.0	
1250.0	
1254.0	
1173.0	
1174.0	
1149.0	
1149.0	
1150.0	
1150.0	
1186.0	
1256.0	
1347.0	
1371.0	
1361.0	
1469.0	
1471.0	
1558.0	
1661.0	
1607.0	
1610.0	
1603.0	
1602.0	
1599.0	
1596.0	
1519.0	
1431.0	
1392.0	
1344.0	
1341.0	
1317.0	
1314.0	
1314.0	
1316.0	
1311.0	
1311.0	
1312.0	
1314.0	
1178.0	
1182.0	
1181.0	
1181.0	
1181.0	
1185.0	
1184.0	
1184.0	
1184.0	
1147.0	
1151.0	
1156.0	
1146.0	
1145.0	
1146.0	
1139.0	
1144.0	
1147.0	
1153.0	
1156.0	
1179.0	
1180.0	
1175.0	
1175.0	
1169.0	
1171.0	
1170.0	
1174.0	
1187.0	
1188.0	
1188.0	
1211.0	
1244.0	
1244.0	
1281.0	
1281.0	
1282.0	
1283.0	
1288.0	
1288.0	
1294.0	
1286.0	
1287.0	
1225.0	
1225.0	
1190.0	
1243.0	
1304.0	
1310.0	
1313.0	
1281.0	
1248.0	
1232.0	
1227.0	
1224.0	
1224.0	
1224.0	
1223.0	
1225.0	
1225.0	
1225.0	
1228.0	
1171.0	
1170.0	
1162.0	
1162.0	
1114.0	
1114.0	
1114.0	
1115.0	
1112.0	
1099.0	
1096.0	
1096.0	
1096.0	
1096.0	
1108.0	
1115.0	
1139.0	
1143.0	
1181.0	
1220.0	
1212.0	
1212.0	
1215.0	
1239.0	
1264.0	
1258.0	
1224.0	
1221.0	
1180.0	
1180.0	
1180.0	
1180.0	
1182.0	
1209.0	
1208.0	
1190.0	
1190.0	
1171.0	
1171.0	
1171.0	
1171.0	
1173.0	
1175.0	
1195.0	
1206.0	
1242.0	
1242.0	
1249.0	
1287.0	
1258.0	
1232.0	
1191.0	
1191.0	
1191.0	
1155.0	
1153.0	
1153.0	
1151.0	
1110.0	
1106.0	
1103.0	
1102.0	
1103.0	
1126.0	
1126.0	
1153.0	
1153.0	
1153.0	
1160.0	
1189.0	
1224.0	
1224.0	
1271.0	
1238.0	
1229.0	
1211.0	
1209.0	
1209.0	
1191.0	
1185.0	
1190.0	
1189.0	
1189.0	
1189.0	
1192.0	
1192.0	
1167.0	
1167.0	
1165.0	
1165.0	
1101.0	
1091.0	
1091.0	
1092.0	
1086.0	
1086.0	
1089.0	
1106.0	
1130.0	
1127.0	
1129.0	
1166.0	
1170.0	
1170.0	
1166.0	
1123.0	
1098.0	
1098.0	
1093.0	
1094.0	
1093.0	
1093.0	
1094.0	
1094.0	
1097.0	
1095.0	
1098.0	
1104.0	
1112.0	
1123.0	
1142.0	
1166.0	
1189.0	
1189.0	
1187.0	
1187.0	
1187.0	
1189.0	
1189.0	
1193.0	
1198.0	
1167.0	
1141.0	
1128.0	
1152.0	
1131.0	
1131.0	
1136.0	
1147.0	
1117.0	
1115.0	
1115.0	
1115.0	
1110.0	
1111.0	
1113.0	
1113.0	
1116.0	
1116.0	
1119.0	
1117.0	
1109.0	
1105.0	
1111.0	
1119.0	
1150.0	
1151.0	
1144.0	
1142.0	
1139.0	
1138.0	
1138.0	
1144.0	
1144.0	
1141.0	
1148.0	
1129.0	
1085.0	
1113.0	
1154.0	
1154.0	
1156.0	
1141.0	
1158.0	
1134.0	
1129.0	
1128.0	
1128.0	
1131.0	
1134.0	
1159.0	
1131.0	
1100.0	
1105.0	
1105.0	
1105.0	
1108.0	
1108.0	
1102.0	
1108.0	
1131.0	
1152.0	
1152.0	
1155.0	
1157.0	
1161.0	
1136.0	
1113.0	
1087.0	
1104.0	
1132.0	
1128.0	
1122.0	
1122.0	
1122.0	
1126.0	
1156.0	
1155.0	
1155.0	
1155.0	
1159.0	
1192.0	
1195.0	
1156.0	
1156.0	
1161.0	
1176.0	
1226.0	
1186.0	
1164.0	
1172.0	
1198.0	
1137.0	
1203.0	
1207.0	
1207.0	
1187.0	
1190.0	
1184.0	
1125.0	
1177.0	
1176.0	
1172.0	
1172.0	
1145.0	
1146.0	
1103.0	
1103.0	
1083.0	
1078.0	
1078.0	
1083.0	
1090.0	
1061.0	
1059.0	
1085.0	
1112.0	
1112.0	
1117.0	
1120.0	
1149.0	
1150.0	
1150.0	
1146.0	
1122.0	
1118.0	
1114.0	
1120.0	
1120.0	
1137.0	
1115.0	
1099.0	
1095.0	
1092.0	
1092.0	
1093.0	
1099.0	
1100.0	
1100.0	
1101.0	
1101.0	
1101.0	
1103.0	
1106.0	
1125.0	
1146.0	
1172.0	
1194.0	
1193.0	
1193.0	
1192.0	
1192.0	
1192.0	
1192.0	
1192.0	
1192.0	
1166.0	
1125.0	
1114.0	
1106.0	
1106.0	
1106.0	
1103.0	
1103.0	
1105.0	
1105.0	
1108.0	
1107.0	
1109.0	
1108.0	
1108.0	
1111.0	
1111.0	
1109.0	
1109.0	
1114.0	
1120.0	
1123.0	
1122.0	
1133.0	
1145.0	
1141.0	
1141.0	
1141.0	
1141.0	
1142.0	
1167.0	
1173.0	
1173.0	
1173.0	
1173.0	
1171.0	
1171.0	
1137.0	
1137.0	
1141.0	
1139.0	
1139.0	
1126.0	
1120.0	
1120.0	
1124.0	
1132.0	
1134.0	
1147.0	
1147.0	
1152.0	
1189.0	
1186.0	
1194.0	
1240.0	
1243.0	
1201.0	
1197.0	
1197.0	
1199.0	
1180.0	
1179.0	
1182.0	
1182.0	
1181.0	
1224.0	
1202.0	
1196.0	
1196.0	
1198.0	
1198.0	
1219.0	
1178.0	
1176.0	
1170.0	
1170.0	
1167.0	
1166.0	
1171.0	
1177.0	
1129.0	
1122.0	
1119.0	
1097.0	
1102.0	
1081.0	
1079.0	
1079.0	
1078.0	
1078.0	
1091.0	
1073.0	
1084.0	
1111.0	
1105.0	
1107.0	
1108.0	
1111.0	
1111.0	
1126.0	
1126.0	
1126.0	
1123.0	
1123.0	
1125.0	
1145.0	
1115.0	
1086.0	
1084.0	
1083.0	
1122.0	
1127.0	
1121.0	
1129.0	
1142.0	
1142.0	
1120.0	
1121.0	
1124.0	
1123.0	
1125.0	
1096.0	
1099.0	
1142.0	
1137.0	
1137.0	
1141.0	
1140.0	
1151.0	
1163.0	
1184.0	
1209.0	
1179.0	
1212.0	
1207.0	
1202.0	
1194.0	
1198.0	
1198.0	
1196.0	
1189.0	
1219.0	
1219.0	
1225.0	
1266.0	
1259.0	
1264.0	
1197.0	
1197.0	
1200.0	
1204.0	
1204.0	
1202.0	
1157.0	
1143.0	
1095.0	
1065.0	
1040.0	
1039.0	
1039.0	
992.0	
995.0	
1000.0	
1036.0	
1062.0	
1114.0	
1117.0	
1133.0	
1161.0	
1194.0	
1235.0	
1237.0	
1233.0	
1214.0	
1214.0	
1201.0	
1144.0	
1119.0	
1112.0	
1111.0	
1102.0	
1044.0	
1038.0	
1035.0	
1036.0	
1025.0	
1025.0	
1025.0	
991.0	
996.0	
1004.0	
1027.0	
1052.0	
1037.0	
1037.0	
1037.0	
1044.0	
1080.0	
1122.0	
1165.0	
1166.0	
1166.0	
1167.0	
1136.0	
1137.0	
1152.0	
1196.0	
1190.0	
1193.0	
1228.0	
1228.0	
1224.0	
1271.0	
1224.0	
1224.0	
1228.0	
1227.0	
1222.0	
1218.0	
1217.0	
1224.0	
1224.0	
1224.0	
1224.0	
1227.0	
1217.0	
1222.0	
1181.0	
1163.0	
1170.0	
1198.0	
1195.0	
1195.0	
1196.0	
1217.0	
1217.0	
1217.0	
1217.0	
1217.0	
1218.0	
1222.0	
1207.0	
1184.0	
1131.0	
1107.0	
1107.0	
1104.0	
1102.0	
1099.0	
1099.0	
1099.0	
1106.0	
1106.0	
1102.0	
1105.0	
1114.0	
1119.0	
1053.0	
1053.0	
1056.0	
1056.0	
1057.0	
1057.0	
1061.0	
1054.0	
1059.0	
1067.0	
1067.0	
1069.0	
1078.0	
1067.0	
1069.0	
1069.0	
1057.0	
1057.0	
1054.0	
1049.0	
1042.0	
1042.0	
1055.0	
1048.0	
1045.0	
1045.0	
1055.0	
1069.0	
1077.0	
1083.0	
1095.0	
1062.0	
1094.0	
1094.0	
1094.0	
1125.0	
1121.0	
1118.0	
1155.0	
1154.0	
1156.0	
1158.0	
1124.0	
1118.0	
1106.0	
1106.0	
1111.0	
1111.0	
1108.0	
1114.0	
1068.0	
1075.0	
1119.0	
1119.0	
1151.0	
1152.0	
1156.0	
1189.0	
1199.0	
1233.0	
1216.0	
1194.0	
1188.0	
1184.0	
1165.0	
1165.0	
1158.0	
1159.0	
1147.0	
1148.0	
1149.0	
1116.0	
1097.0	
1087.0	
1087.0	
1083.0	
1083.0	
1088.0	
1094.0	
1099.0	
1107.0	
1103.0	
1103.0	
1099.0	
1099.0	
1106.0	
1121.0	
1139.0	
1164.0	
1207.0	
1207.0	
1138.0	
1132.0	
1129.0	
1129.0	
1129.0	
1102.0	
1102.0	
1078.0	
1078.0	
1071.0	
1075.0	
1081.0	
1091.0	
1091.0	
1100.0	
1126.0	
1126.0	
1118.0	
1101.0	
1106.0	
1106.0	
1107.0	
1112.0	
1110.0	
1107.0	
1104.0	
1087.0	
1091.0	
1098.0	
1098.0	
1110.0	
1129.0	
1129.0	
1174.0	
1163.0	
1157.0	
1155.0	
1136.0	
1108.0	
1108.0	
1112.0	
1113.0	
1116.0	
1109.0	
1102.0	
1105.0	
1129.0	
1109.0	
1109.0	
1120.0	
1119.0	
1119.0	
1115.0	
1114.0	
1120.0	
1135.0	
1155.0	
1163.0	
1184.0	
1176.0	
1161.0	
1156.0	
1153.0	
1153.0	
1149.0	
1152.0	
1149.0	
1149.0	
1138.0	
1139.0	
1123.0	
1120.0	
1120.0	
1124.0	
1124.0	
1130.0	
1136.0	
1137.0	
1137.0	
1144.0	
1100.0	
1099.0	
1104.0	
1118.0	
1117.0	
1116.0	
1138.0	
1155.0	
1172.0	
1209.0	
1201.0	
1201.0	
1198.0	
1193.0	
1164.0	
1153.0	
1162.0	
1159.0	
1140.0	
1140.0	
1129.0	
1119.0	
1123.0	
1126.0	
1128.0	
1148.0	
1144.0	
1145.0	
1145.0	
1145.0	
1145.0	
1141.0	
1180.0	
1150.0	
1187.0	
1145.0	
1117.0	
1115.0	
1115.0	
1115.0	
1115.0	
1115.0	
1130.0	
1121.0	
1116.0	
1113.0	
1113.0	
1113.0	
1114.0	
1122.0	
1132.0	
1143.0	
1133.0	
1107.0	
1107.0	
1123.0	
1122.0	
1146.0	
1179.0	
1185.0	
1192.0	
1184.0	
1184.0	
1184.0	
1226.0	
1258.0	
1252.0	
1252.0	
1211.0	
1178.0	
1178.0	
1181.0	
1188.0	
1183.0	
1178.0	
1180.0	
1180.0	
1184.0	
1193.0	
1239.0	
1238.0	
1269.0	
1273.0	
1287.0	
1279.0	
1276.0	
1274.0	
1279.0	
1297.0	
1287.0	
1287.0	
1291.0	
1292.0	
1304.0	
1287.0	
1261.0	
1256.0	
1228.0	
1228.0	
1219.0	
1212.0	
1157.0	
1150.0	
1143.0	
1152.0	
1121.0	
1121.0	
1133.0	
1081.0	
1089.0	
1090.0	
1094.0	
1129.0	
1129.0	
1134.0	
1163.0	
1163.0	
1119.0	
1111.0	
1108.0	
1108.0	
1111.0	
1112.0	
1106.0	
1109.0	
1104.0	
1101.0	
1107.0	
1112.0	
1095.0	
1084.0	
1073.0	
1073.0	
1080.0	
1078.0	
1076.0	
1076.0	
1076.0	
1076.0	
1077.0	
1077.0	
1070.0	
1073.0	
1049.0	
1046.0	
1074.0	
1111.0	
1135.0	
1168.0	
1159.0	
1159.0	
1159.0	
1164.0	
1165.0	
1131.0	
1131.0	
1128.0	
1164.0	
1169.0	
1145.0	
1154.0	
1166.0	
1157.0	
1167.0	
1166.0	
1160.0	
1160.0	
1160.0	
1174.0	
1156.0	
1156.0	
1157.0	
1159.0	
1141.0	
1144.0	
1122.0	
1122.0	
1119.0	
1119.0	
1146.0	
1085.0	
1096.0	
1121.0	
1145.0	
1126.0	
1131.0	
1131.0	
1137.0	
1159.0	
1183.0	
1173.0	
1178.0	
1178.0	
1157.0	
1150.0	
1145.0	
1108.0	
1113.0	
1114.0	
1116.0	
1116.0	
1116.0	
1109.0	
1126.0	
1119.0	
1146.0	
1147.0	
1147.0	
1170.0	
1170.0	
1169.0	
1164.0	
1163.0	
1191.0	
1168.0	
1165.0	
1165.0	
1171.0	
1174.0	
1173.0	
1173.0	
1178.0	
1178.0	
1150.0	
1128.0	
1128.0	
1164.0	
1189.0	
1174.0	
1173.0	
1174.0	
1176.0	
1181.0	
1144.0	
1144.0	
1144.0	
1144.0	
1145.0	
1132.0	
1135.0	
1133.0	
1133.0	
1133.0	
1123.0	
1119.0	
1119.0	
1122.0	
1122.0	
1113.0	
1113.0	
1113.0	
1120.0	
1121.0	
1102.0	
1092.0	
1095.0	
1106.0	
1119.0	
1125.0	
1149.0	
1146.0	
1145.0	
1149.0	
1159.0	
1148.0	
1147.0	
1147.0	
1160.0	
1155.0	
1158.0	
1157.0	
1158.0	
1158.0	
1153.0	
1147.0	
1143.0	
1141.0	
1139.0	
1128.0	
1102.0	
1078.0	
1078.0	
1071.0	
1063.0	
1064.0	
1042.0	
1045.0	
1048.0	
1083.0	
1106.0	
1102.0	
1118.0	
1134.0	
1143.0	
1139.0	
1139.0	
1139.0	
1134.0	
1135.0	
1142.0	
1151.0	
1107.0	
1104.0	
1151.0	
1167.0	
1172.0	
1172.0	
1184.0	
1188.0	
1201.0	
1227.0	
1128.0	
1121.0	
1121.0	
1122.0	
1111.0	
1106.0	
1136.0	
1127.0	
1122.0	
1122.0	
1122.0	
1127.0	
1116.0	
1117.0	
1120.0	
1120.0	
1138.0	
1135.0	
1107.0	
1099.0	
1099.0	
1104.0	
1099.0	
1096.0	
1102.0	
1098.0	
1098.0	
1098.0	
1104.0	
1110.0	
1113.0	
1136.0	
1123.0	
1123.0	
1123.0	
1123.0	
1125.0	
1120.0	
1118.0	
1118.0	
1112.0	
1112.0	
1112.0	
1109.0	
1127.0	
1127.0	
1153.0	
1102.0	
1102.0	
1114.0	
1106.0	
1105.0	
1105.0	
1111.0	
1124.0	
1125.0	
1122.0	
1146.0	
1141.0	
1128.0	
1120.0	
1129.0	
1129.0	
1129.0	
1126.0	
1126.0	
1115.0	
1118.0	
1125.0	
1122.0	
1126.0	
1145.0	
1141.0	
1160.0	
1186.0	
1194.0	
1194.0	
1223.0	
1223.0	
1221.0	
1220.0	
1192.0	
1161.0	
1128.0	
1128.0	
1128.0	
1131.0	
1082.0	
1087.0	
1116.0	
1114.0	
1114.0	
1097.0	
1108.0	
1112.0	
1106.0	
1117.0	
1114.0	
1138.0	
1134.0	
1108.0	
1113.0	
1142.0	
1153.0	
1152.0	
1151.0	
1151.0	
1151.0	
1138.0	
1116.0	
1114.0	
1115.0	
1110.0	
1113.0	
1137.0	
1131.0	
1131.0	
1135.0	
1135.0	
1139.0	
1139.0	
1144.0	
1144.0	
1150.0	
1157.0	
1169.0	
1151.0	
1176.0	
1141.0	
1123.0	
1132.0	
1124.0	
1124.0	
1117.0	
1111.0	
1111.0	
1105.0	
1105.0	
1105.0	
1105.0	
1105.0	
1116.0	
1126.0	
1136.0	
1123.0	
1116.0	
1126.0	
1126.0	
1132.0	
1158.0	
1158.0	
1158.0	
1169.0	
1203.0	
1189.0	
1190.0	
1185.0	
1203.0	
1202.0	
1194.0	
1194.0	
1169.0	
1165.0	
1163.0	
1162.0	
1162.0	
1165.0	
1145.0	
1132.0	
1139.0	
1148.0	
1118.0	
1121.0	
1111.0	
1116.0	
1110.0	
1109.0	
1109.0	
1109.0	
1148.0	
1148.0	
1172.0	
1164.0	
1164.0	
1185.0	
1180.0	
1187.0	
1187.0	
1181.0	
1179.0	
1170.0	
1167.0	
1167.0	
1183.0	
1183.0	
1152.0	
1152.0	
1152.0	
1170.0	
1175.0	
1175.0	
1178.0	
1176.0	
1176.0	
1177.0	
1180.0	
1184.0	
1212.0	
1228.0	
1274.0	
1266.0	
1266.0	
1266.0	
1269.0	
1248.0	
1229.0	
1226.0	
1232.0	
1238.0	
1237.0	
1237.0	
1242.0	
1224.0	
1223.0	
1240.0	
1240.0	
1240.0	
1237.0	
1224.0	
1224.0	
1221.0	
1218.0	
1165.0	
1164.0	
1164.0	
1145.0	
1096.0	
1095.0	
1094.0	
1094.0	
1095.0	
1077.0	
1077.0	
1077.0	
1082.0	
1094.0	
1092.0	
1085.0	
1085.0	
1085.0	
1105.0	
1139.0	
1190.0	
1190.0	
1190.0	
1212.0	
1176.0	
1154.0	
1148.0	
1149.0	
1122.0	
1119.0	
1119.0	
1110.0	
1110.0	
1110.0	
1101.0	
1127.0	
1127.0	
1153.0	
1184.0	
1183.0	
1178.0	
1181.0	
1170.0	
1174.0	
1175.0	
1186.0	
1199.0	
1175.0	
1175.0	
1175.0	
1175.0	
1175.0	
1125.0	
1124.0	
1123.0	
1123.0	
1152.0	
1139.0	
1132.0	
1132.0	
1148.0	
1133.0	
1138.0	
1138.0	
1151.0	
1179.0	
1212.0	
1212.0	
1187.0	
1187.0	
1209.0	
1200.0	
1200.0	
1200.0	
1207.0	
1225.0	
1240.0	
1203.0	
1203.0	
1203.0	
1175.0	
1200.0	
1200.0	
1194.0	
1198.0	
1171.0	
1156.0	
1156.0	
1150.0	
1150.0	
1154.0	
1181.0	
1166.0	
1166.0	
1200.0	
1176.0	
1132.0	
1116.0	
1158.0	
1157.0	
1152.0	
1157.0	
1164.0	
1167.0	
1166.0	
1163.0	
1170.0	
1171.0	
1171.0	
1172.0	
1159.0	
1159.0	
1156.0	
1156.0	
1096.0	
1093.0	
1080.0	
1075.0	
1100.0	
1085.0	
1114.0	
1107.0	
1108.0	
1108.0	
1119.0	
1120.0	
1114.0	
1113.0	
1119.0	
1136.0	
1141.0	
1141.0	
1165.0	
1139.0	
1132.0	
1169.0	
1184.0	
1188.0	
1188.0	
1182.0	
1179.0	
1179.0	
1180.0	
1148.0	
1145.0	
1145.0	
1145.0	
1146.0	
1149.0	
1146.0	
1146.0	
1145.0	
1145.0	
1148.0	
1153.0	
1156.0	
1102.0	
1102.0	
1108.0	
1116.0	
1097.0	
1097.0	
1097.0	
1126.0	
1138.0	
1138.0	
1163.0	
1144.0	
1141.0	
1139.0	
1129.0	
1129.0	
1129.0	
1142.0	
1158.0	
1184.0	
1184.0	
1206.0	
1204.0	
1203.0	
1236.0	
1217.0	
1225.0	
1203.0	
1207.0	
1200.0	
1199.0	
1199.0	
1183.0	
1183.0	
1192.0	
1199.0	
1208.0	
1184.0	
1177.0	
1151.0	
1148.0	
1145.0	
1154.0	
1153.0	
1153.0	
1153.0	
1153.0	
1153.0	
1154.0	
1161.0	
1159.0	
1161.0	
1171.0	
1171.0	
1176.0	
1183.0	
1199.0	
1205.0	
1192.0	
1161.0	
1161.0	
1161.0	
1167.0	
1157.0	
1165.0	
1189.0	
1172.0	
1167.0	
1164.0	
1193.0	
1187.0	
1187.0	
1187.0	
1155.0	
1154.0	
1154.0	
1154.0	
1171.0	
1168.0	
1167.0	
1167.0	
1149.0	
1141.0	
1141.0	
1054.0	
1048.0	
1049.0	
1058.0	
1072.0	
1098.0	
1098.0	
1101.0	
1104.0	
1126.0	
1156.0	
1150.0	
1150.0	
1122.0	
1122.0	
1122.0	
1122.0	
1103.0	
1070.0	
1107.0	
1114.0	
1114.0	
1114.0	
1090.0	
1088.0	
1084.0	
1049.0	
1030.0	
1012.0	
1012.0	
1012.0	
1047.0	
1071.0	
1047.0	
1038.0	
1032.0	
1032.0	
1062.0	
1090.0	
1122.0	
1122.0	
1123.0	
1124.0	
1099.0	
1094.0	
1093.0	
1093.0	
1093.0	
1096.0	
1096.0	
1096.0	
1096.0	
1103.0	
1108.0	
1121.0	
1121.0	
1124.0	
1122.0	
1120.0	
1122.0	
1128.0	
1128.0	
1127.0	
1151.0	
1144.0	
1144.0	
1163.0	
1200.0	
1206.0	
1211.0	
1215.0	
1217.0	
1213.0	
1235.0	
1231.0	
1223.0	
1216.0	
1219.0	
1219.0	
1223.0	
1196.0	
1196.0	
1193.0	
1193.0	
1194.0	
1217.0	
1192.0	
1192.0	
1194.0	
1200.0	
1199.0	
1222.0	
1222.0	
1183.0	
1183.0	
1188.0	
1190.0	
1221.0	
1212.0	
1223.0	
1223.0	
1226.0	
1218.0	
1220.0	
1245.0	
1244.0	
1244.0	
1247.0	
1257.0	
1315.0	
1310.0	
1308.0	
1308.0	
1315.0	
1315.0	
1309.0	
1310.0	
1316.0	
1335.0	
1335.0	
1338.0	
1357.0	
1392.0	
1368.0	
1334.0	
1334.0	
1318.0	
1312.0	
1314.0	
1313.0	
1315.0	
1318.0	
1278.0	
1278.0	
1280.0	
1274.0	
1257.0	
1258.0	
1261.0	
1272.0	
1288.0	
1257.0	
1228.0	
1228.0	
1222.0	
1218.0	
1218.0	
1218.0	
1218.0	
1214.0	
1208.0	
1208.0	
1209.0	
1211.0	
1214.0	
1211.0	
1215.0	
1213.0	
1216.0	
1213.0	
1213.0	
1213.0	
1216.0	
1213.0	
1216.0	
1216.0	
1214.0	
1219.0	
1219.0	
1216.0	
1220.0	
1227.0	
1235.0	
1240.0	
1250.0	
1232.0	
1207.0	
1207.0	
1208.0	
1238.0	
1238.0	
1238.0	
1237.0	
1202.0	
1213.0	
1205.0	
1200.0	
1174.0	
1107.0	
1099.0	
1099.0	
1161.0	
1161.0	
1164.0	
1138.0	
1065.0	
1098.0	
1085.0	
1088.0	
1086.0	
1054.0	
1056.0	
1062.0	
1066.0	
1127.0	
1102.0	
1102.0	
1102.0	
1103.0	
1107.0	
1126.0	
1147.0	
1118.0	
1118.0	
1116.0	
1116.0	
1154.0	
1148.0	
1139.0	
1138.0	
1137.0	
1137.0	
1140.0	
1158.0	
1161.0	
1207.0	
1207.0	
1208.0	
1199.0	
1218.0	
1219.0	
1232.0	
1223.0	
1223.0	
1217.0	
1217.0	
1150.0	
1155.0	
1161.0	
1177.0	
1176.0	
1175.0	
1163.0	
1164.0	
1164.0	
1164.0	
1151.0	
1152.0	
1152.0	
1152.0	
1155.0	
1160.0	
1154.0	
1154.0	
1155.0	
1156.0	
1156.0	
1172.0	
1178.0	
1186.0	
1199.0	
1195.0	
1176.0	
1169.0	
1168.0	
1168.0	
1169.0	
1172.0	
1174.0	
1191.0	
1184.0	
1179.0	
1147.0	
1141.0	
1145.0	
1145.0	
1150.0	
1150.0	
1140.0	
1139.0	
1139.0	
1142.0	
1148.0	
1174.0	
1189.0	
1202.0	
1207.0	
1170.0	
1171.0	
1177.0	
1193.0	
1189.0	
1192.0	
1161.0	
1159.0	
1159.0	
1159.0	
1160.0	
1185.0	
1185.0	
1181.0	
1184.0	
1176.0	
1176.0	
1192.0	
1170.0	
1175.0	
1187.0	
1181.0	
1178.0	
1178.0	
1156.0	
1155.0	
1144.0	
1144.0	
1134.0	
1129.0	
1068.0	
1071.0	
1071.0	
1072.0	
1078.0	
1093.0	
1094.0	
1130.0	
1130.0	
1180.0	
1172.0	
1167.0	
1200.0	
1209.0	
1207.0	
1208.0	
1207.0	
1207.0	
1206.0	
1206.0	
1206.0	
1204.0	
1183.0	
1138.0	
1138.0	
1138.0	
1137.0	
1142.0	
1142.0	
1096.0	
1153.0	
1122.0	
1122.0	
1130.0	
1135.0	
1137.0	
1159.0	
1150.0	
1145.0	
1145.0	
1145.0	
1174.0	
1207.0	
1170.0	
1146.0	
1146.0	
1180.0	
1190.0	
1185.0	
1180.0	
1158.0	
1161.0	
1167.0	
1166.0	
1166.0	
1167.0	
1162.0	
1123.0	
1123.0	
1130.0	
1137.0	
1153.0	
1152.0	
1159.0	
1188.0	
1230.0	
1212.0	
1212.0	
1233.0	
1263.0	
1297.0	
1291.0	
1291.0	
1291.0	
1291.0	
1263.0	
1235.0	
1229.0	
1229.0	
1230.0	
1234.0	
1239.0	
1239.0	
1242.0	
1220.0	
1223.0	
1223.0	
1200.0	
1200.0	
1154.0	
1159.0	
1167.0	
1174.0	
1182.0	
1117.0	
1116.0	
1105.0	
1097.0	
1097.0	
1098.0	
1093.0	
1094.0	
1123.0	
1123.0	
1112.0	
1112.0	
1088.0	
1120.0	
1131.0	
1131.0	
1135.0	
1135.0	
1164.0	
1161.0	
1154.0	
1157.0	
1153.0	
1153.0	
1159.0	
1158.0	
1166.0	
1125.0	
1109.0	
1132.0	
1132.0	
1139.0	
1162.0	
1162.0	
1169.0	
1182.0	
1184.0	
1187.0	
1221.0	
1191.0	
1185.0	
1185.0	
1185.0	
1184.0	
1188.0	
1188.0	
1181.0	
1174.0	
1167.0	
1160.0	
1162.0	
1117.0	
1113.0	
1112.0	
1120.0	
1122.0	
1126.0	
1146.0	
1141.0	
1141.0	
1141.0	
1151.0	
1176.0	
1150.0	
1142.0	
1142.0	
1094.0	
1098.0	
1087.0	
1093.0	
1088.0	
1100.0	
1128.0	
1131.0	
1161.0	
1161.0	
1155.0	
1159.0	
1160.0	
1197.0	
1234.0	
1212.0	
1211.0	
1206.0	
1199.0	
1199.0	
1204.0	
1182.0	
1157.0	
1157.0	
1157.0	
1189.0	
1197.0	
1219.0	
1219.0	
1208.0	
1212.0	
1223.0	
1230.0	
1213.0	
1243.0	
1268.0	
1269.0	
1263.0	
1252.0	
1250.0	
1250.0	
1250.0	
1251.0	
1223.0	
1187.0	
1184.0	
1184.0	
1189.0	
1124.0	
1134.0	
1135.0	
1135.0	
1144.0	
1144.0	
1165.0	
1159.0	
1159.0	
1207.0	
1210.0	
1210.0	
1203.0	
1203.0	
1211.0	
1212.0	
1212.0	
1228.0	
1207.0	
1198.0	
1187.0	
1223.0	
1174.0	
1170.0	
1167.0	
1165.0	
1165.0	
1139.0	
1139.0	
1142.0	
1146.0	
1146.0	
1187.0	
1225.0	
1221.0	
1205.0	
1205.0	
1189.0	
1158.0	
1186.0	
1188.0	
1188.0	
1233.0	
1260.0	
1266.0	
1268.0	
1284.0	
1284.0	
1312.0	
1305.0	
1305.0	
1277.0	
1281.0	
1283.0	
1272.0	
1277.0	
1277.0	
1277.0	
1261.0	
1255.0	
1253.0	
1252.0	
1252.0	
1256.0	
1260.0	
1200.0	
1191.0	
1221.0	
1218.0	
1255.0	
1255.0	
1221.0	
1221.0	
1228.0	
1239.0	
1234.0	
1266.0	
1311.0	
1337.0	
1397.0	
1335.0	
1325.0	
1325.0	
1325.0	
1325.0	
1326.0	
1218.0	
1188.0	
1170.0	
1169.0	
1140.0	
1181.0	
1176.0	
1186.0	
1222.0	
1254.0	
1278.0	
1234.0	
1232.0	
1195.0	
1195.0	
1195.0	
1197.0	
1148.0	
1154.0	
1178.0	
1157.0	
1157.0	
1148.0	
1121.0	
1118.0	
1168.0	
1230.0	
1230.0	
1275.0	
1269.0	
1258.0	
1258.0	
1238.0	
1247.0	
1259.0	
1280.0	
1283.0	
1290.0	
1348.0	
1348.0	
1372.0	
1308.0	
1308.0	
1325.0	
1303.0	
1277.0	
1274.0	
1275.0	
1264.0	
1202.0	
1199.0	
1230.0	
1186.0	
1193.0	
1189.0	
1189.0	
1195.0	
1208.0	
1168.0	
1168.0	
1168.0	
1168.0	
1171.0	
1169.0	
1087.0	
1099.0	
1116.0	
1153.0	
1183.0	
1210.0	
1210.0	
1212.0	
1249.0	
1271.0	
1295.0	
1322.0	
1311.0	
1311.0	
1311.0	
1302.0	
1306.0	
1299.0	
1307.0	
1322.0	
1345.0	
1245.0	
1244.0	
1244.0	
1194.0	
1186.0	
1186.0	
1189.0	
1192.0	
1182.0	
1182.0	
1155.0	
1159.0	
1171.0	
1207.0	
1207.0	
1210.0	
1235.0	
1076.0	
1076.0	
1082.0	
1082.0	
1084.0	
1088.0	
1091.0	
1125.0	
1115.0	
1085.0	
1107.0	
1107.0	
1173.0	
1147.0	
1124.0	
1169.0	
1169.0	
1246.0	
1304.0	
1375.0	
1370.0	
1351.0	
1346.0	
1325.0	
1320.0	
1320.0	
1320.0	
1323.0	
1320.0	
1173.0	
1167.0	
1170.0	
1091.0	
1029.0	
968.0	
965.0	
1012.0	
1038.0	
1057.0	
1110.0	
1093.0	
1093.0	
1096.0	
1100.0	
1167.0	
1187.0	
1197.0	
1231.0	
1231.0	
1255.0	
1255.0	
1153.0	
1171.0	
1204.0	
1247.0	
1248.0	
1248.0	
1248.0	
1258.0	
1273.0	
1270.0	
1270.0	
1280.0	
1280.0	
1293.0	
1296.0	
1295.0	
1263.0	
1269.0	
1303.0	
1302.0	
1302.0	
1347.0	
1369.0	
1220.0	
1220.0	
1220.0	
1224.0	
1225.0	
1229.0	
1232.0	
1232.0	
1219.0	
1217.0	
1215.0	
1231.0	
1198.0	
1198.0	
1181.0	
1176.0	
1172.0	
1195.0	
1122.0	
1122.0	
1113.0	
1113.0	
1119.0	
1119.0	
1114.0	
1103.0	
1059.0	
1059.0	
1060.0	
1091.0	
1126.0	
1123.0	
1127.0	
1150.0	
1150.0	
1143.0	
1177.0	
1165.0	
1165.0	
1167.0	
1167.0	
1167.0	
1164.0	
1164.0	
1171.0	
1187.0	
1152.0	
1176.0	
1194.0	
1219.0	
1226.0	
1231.0	
1151.0	
1172.0	
1174.0	
1174.0	
1174.0	
1209.0	
1183.0	
1180.0	
1180.0	
1176.0	
1176.0	
1187.0	
1195.0	
1184.0	
1185.0	
1210.0	
1166.0	
1153.0	
1191.0	
1191.0	
1194.0	
1222.0	
1222.0	
1187.0	
1065.0	
1070.0	
1098.0	
1127.0	
1127.0	
1076.0	
1096.0	
1143.0	
1149.0	
1201.0	
1191.0	
1188.0	
1188.0	
1206.0	
1243.0	
1206.0	
1219.0	
1260.0	
1295.0	
1325.0	
1375.0	
1380.0	
1225.0	
1225.0	
1225.0	
1222.0	
1219.0	
1219.0	
1222.0	
1188.0	
1191.0	
1127.0	
1094.0	
1049.0	
1057.0	
1089.0	
1083.0	
1133.0	
1188.0	
1188.0	
1204.0	
1227.0	
1227.0	
1269.0	
1232.0	
1260.0	
1254.0	
1217.0	
1258.0	
1202.0	
1249.0	
1256.0	
1240.0	
1238.0	
1238.0	
1238.0	
1238.0	
1238.0	
1238.0	
1243.0	
1262.0	
1261.0	
1234.0	
1253.0	
1257.0	
1269.0	
1270.0	
1209.0	
1209.0	
1212.0	
1186.0	
1181.0	
1181.0	
1101.0	
1107.0	
1111.0	
1146.0	
1128.0	
1130.0	
1131.0	
1215.0	
1215.0	
1227.0	
1227.0	
1249.0	
1227.0	
1252.0	
1281.0	
1256.0	
1292.0	
1336.0	
1343.0	
1330.0	
1242.0	
1246.0	
1274.0	
1274.0	
1269.0	
1269.0	
1282.0	
1262.0	
1298.0	
1345.0	
1231.0	
1230.0	
1189.0	
1226.0	
1282.0	
1260.0	
1348.0	
1342.0	
1342.0	
1344.0	
1297.0	
1268.0	
1263.0	
1263.0	
1240.0	
1193.0	
1196.0	
1199.0	
1237.0	
1141.0	
1208.0	
1168.0	
1200.0	
1200.0	
1200.0	
1204.0	
1206.0	
1179.0	
1186.0	
1165.0	
1162.0	
1161.0	
934.0	
934.0	
945.0	
864.0	
879.0	
879.0	
895.0	
924.0	
970.0	
989.0	
988.0	
957.0	
899.0	
952.0	
954.0	
958.0	
943.0	
944.0	
1019.0	
1015.0	
1015.0	
990.0	
1009.0	
1009.0	
998.0	
1015.0	
1033.0	
1009.0	
1007.0	
1004.0	
1031.0	
1028.0	
1061.0	
1061.0	
1061.0	
1044.0	
1041.0	
1044.0	
1028.0	
1035.0	
1043.0	
1027.0	
1022.0	
1039.0	
925.0	
830.0	
865.0	
896.0	
949.0	
1018.0	
1017.0	
981.0	
974.0	
900.0	
872.0	
793.0	
811.0	
810.0	
800.0	
824.0	
826.0	
853.0	
853.0	
853.0	
859.0	
865.0	
937.0	
937.0	
962.0	
946.0	
946.0	
972.0	
948.0	
937.0	
932.0	
933.0	
936.0	
936.0	
936.0	
953.0	
886.0	
908.0	
975.0	
1000.0	
972.0	
971.0	
927.0	
916.0	
904.0	
901.0	
909.0	
918.0	
918.0	
934.0	
873.0	
904.0	
939.0	
1014.0	
1017.0	
1030.0	
1027.0	
1076.0	
1052.0	
1057.0	
1041.0	
1077.0	
1083.0	
1102.0	
1082.0	
1065.0	
1065.0	
1083.0	
1060.0	
1063.0	
967.0	
968.0	
907.0	
907.0	
901.0	
919.0	
919.0	
919.0	
957.0	
962.0	
981.0	
979.0	
1001.0	
891.0	
899.0	
896.0	
922.0	
868.0	
861.0	
861.0	
915.0	
1005.0	
969.0	
951.0	
933.0	
978.0	
957.0	
979.0	
963.0	
938.0	
938.0	
912.0	
893.0	
882.0	
875.0	
875.0	
882.0	
898.0	
897.0	
959.0	
921.0	
896.0	
894.0	
936.0	
959.0	
995.0	
1018.0	
1018.0	
1018.0	
987.0	
991.0	
991.0	
1016.0	
1014.0	
1019.0	
1019.0	
1003.0	
897.0	
895.0	
908.0	
925.0	
952.0	
951.0	
918.0	
922.0	
925.0	
960.0	
989.0	
997.0	
1010.0	
1033.0	
1033.0	
972.0	
971.0	
969.0	
966.0	
971.0	
971.0	
938.0	
927.0	
920.0	
921.0	
925.0	
930.0	
905.0	
890.0	
917.0	
832.0	
877.0	
925.0	
955.0	
920.0	
902.0	
866.0	
836.0	
838.0	
816.0	
804.0	
856.0	
851.0	
852.0	
869.0	
903.0	
921.0	
878.0	
875.0	
920.0	
970.0	
1000.0	
989.0	
987.0	
986.0	
972.0	
972.0	
978.0	
971.0	
977.0	
979.0	
999.0	
1024.0	
1051.0	
996.0	
959.0	
941.0	
974.0	
902.0	
915.0	
941.0	
944.0	
944.0	
961.0	
964.0	
960.0	
994.0	
989.0	
1000.0	
1049.0	
1080.0	
1124.0	
1060.0	
1020.0	
1009.0	
1011.0	
1017.0	
1095.0	
1086.0	
1083.0	
1090.0	
1063.0	
1111.0	
1138.0	
1155.0	
1155.0	
1098.0	
977.0	
976.0	
976.0	
942.0	
937.0	
949.0	
981.0	
1006.0	
930.0	
926.0	
916.0	
916.0	
930.0	
958.0	
897.0	
916.0	
914.0	
938.0	
922.0	
918.0	
919.0	
920.0	
874.0	
904.0	
910.0	
910.0	
914.0	
952.0	
954.0	
953.0	
953.0	
958.0	
980.0	
1021.0	
1024.0	
1040.0	
1045.0	
1118.0	
1081.0	
1049.0	
1049.0	
1050.0	
1026.0	
1006.0	
1006.0	
1012.0	
920.0	
932.0	
932.0	
894.0	
894.0	
916.0	
916.0	
924.0	
969.0	
969.0	
961.0	
961.0	
961.0	
967.0	
973.0	
949.0	
947.0	
969.0	
1027.0	
1117.0	
1120.0	
1119.0	
1079.0	
1047.0	
1002.0	
976.0	
976.0	
904.0	
904.0	
911.0	
922.0	
924.0	
921.0	
948.0	
979.0	
949.0	
984.0	
962.0	
951.0	
1009.0	
1035.0	
1069.0	
1135.0	
1128.0	
1128.0	
1144.0	
1164.0	
1115.0	
1100.0	
1123.0	
1037.0	
1034.0	
1071.0	
1066.0	
1101.0	
1099.0	
1151.0	
1151.0	
1169.0	
1160.0	
1139.0	
1157.0	
1185.0	
1178.0	
1236.0	
1094.0	
1092.0	
1042.0	
1042.0	
1092.0	
1069.0	
1069.0	
1069.0	
1083.0	
1062.0	
1061.0	
1061.0	
1069.0	
1072.0	
1098.0	
1122.0	
1169.0	
1183.0	
1205.0	
1261.0	
1261.0	
1338.0	
1335.0	
1309.0	
1306.0	
1257.0	
1231.0	
1210.0	
1184.0	
1177.0	
1082.0	
1110.0	
973.0	
989.0	
1015.0	
1018.0	
1047.0	
1029.0	
1029.0	
1006.0	
1006.0	
1006.0	
1007.0	
1008.0	
1022.0	
1019.0	
973.0	
981.0	
988.0	
996.0	
1022.0	
977.0	
957.0	
987.0	
984.0	
989.0	
989.0	
975.0	
975.0	
975.0	
1002.0	
1006.0	
1035.0	
1046.0	
1009.0	
1016.0	
1049.0	
1049.0	
1049.0	
1049.0	
1050.0	
1058.0	
1080.0	
1075.0	
1072.0	
1072.0	
1058.0	
1072.0	
1071.0	
1081.0	
1102.0	
1105.0	
1156.0	
1158.0	
1172.0	
1198.0	
1059.0	
1041.0	
1075.0	
1075.0	
1144.0	
1207.0	
1147.0	
1119.0	
1098.0	
1060.0	
1055.0	
1055.0	
1059.0	
1086.0	
1086.0	
1111.0	
1111.0	
1111.0	
1095.0	
1034.0	
1051.0	
1014.0	
1024.0	
994.0	
980.0	
979.0	
979.0	
983.0	
1030.0	
1060.0	
1025.0	
1022.0	
1022.0	
1022.0	
1015.0	
1052.0	
1052.0	
1068.0	
948.0	
948.0	
927.0	
919.0	
953.0	
946.0	
967.0	
991.0	
1017.0	
1046.0	
1115.0	
1115.0	
1019.0	
1096.0	
1112.0	
1139.0	
1139.0	
1132.0	
1134.0	
1138.0	
1140.0	
1152.0	
1165.0	
1194.0	
1210.0	
1144.0	
1144.0	
1146.0	
1134.0	
1067.0	
1068.0	
1041.0	
964.0	
927.0	
923.0	
926.0	
931.0	
939.0	
920.0	
861.0	
854.0	
845.0	
876.0	
857.0	
812.0	
781.0	
780.0	
780.0	
809.0	
771.0	
739.0	
713.0	
717.0	
750.0	
798.0	
798.0	
822.0	
828.0	
852.0	
855.0	
859.0	
825.0	
851.0	
896.0	
898.0	
947.0	
941.0	
934.0	
934.0	
927.0	
934.0	
900.0	
912.0	
905.0	
893.0	
890.0	
938.0	
940.0	
965.0	
1042.0	
1087.0	
1087.0	
1087.0	
1087.0	
1085.0	
1092.0	
1121.0	
951.0	
951.0	
968.0	
896.0	
892.0	
771.0	
797.0	
786.0	
786.0	
822.0	
859.0	
861.0	
862.0	
869.0	
890.0	
887.0	
914.0	
939.0	
952.0	
952.0	
952.0	
916.0	
930.0	
930.0	
954.0	
956.0	
961.0	
962.0	
963.0	
981.0	
953.0	
969.0	
978.0	
1009.0	
1023.0	
1064.0	
1094.0	
1103.0	
1103.0	
1121.0	
1132.0	
1127.0	
1152.0	
1169.0	
1076.0	
1073.0	
1094.0	
1087.0	
1091.0	
1090.0	
1113.0	
1113.0	
1038.0	
1039.0	
990.0	
996.0	
999.0	
1008.0	
1056.0	
927.0	
889.0	
889.0	
820.0	
827.0	
824.0	
840.0	
907.0	
919.0	
1020.0	
1055.0	
1073.0	
1029.0	
1028.0	
973.0	
1011.0	
1057.0	
1043.0	
1043.0	
1040.0	
933.0	
934.0	
794.0	
801.0	
780.0	
775.0	
775.0	
775.0	
775.0	
750.0	
778.0	
807.0	
786.0	
805.0	
830.0	
830.0	
826.0	
830.0	
840.0	
821.0	
816.0	
868.0	
899.0	
900.0	
897.0	
893.0	
901.0	
901.0	
901.0	
932.0	
977.0	
890.0	
890.0	
894.0	
863.0	
882.0	
922.0	
923.0	
866.0	
912.0	
970.0	
976.0	
1000.0	
999.0	
923.0	
855.0	
855.0	
828.0	
790.0	
790.0	
771.0	
812.0	
866.0	
888.0	
900.0	
929.0	
1006.0	
1083.0	
1114.0	
1114.0	
1192.0	
1166.0	
1130.0	
1131.0	
1196.0	
1146.0	
1111.0	
1111.0	
1118.0	
1134.0	
1134.0	
1114.0	
1047.0	
1042.0	
1066.0	
910.0	
909.0	
910.0	
914.0	
938.0	
975.0	
977.0	
1031.0	
1031.0	
969.0	
987.0	
961.0	
1034.0	
1124.0	
1149.0	
1145.0	
1141.0	
1116.0	
1038.0	
986.0	
957.0	
961.0	
1068.0	
1045.0	
977.0	
941.0	
941.0	
977.0	
939.0	
919.0	
926.0	
888.0	
888.0	
812.0	
812.0	
858.0	
832.0	
877.0	
877.0	
873.0	
872.0	
841.0	
842.0	
846.0	
869.0	
856.0	
856.0	
880.0	
917.0	
965.0	
989.0	
1073.0	
1046.0	
1027.0	
1064.0	
1065.0	
1069.0	
1126.0	
1125.0	
1147.0	
1166.0	
1159.0	
1184.0	
1114.0	
1044.0	
1014.0	
979.0	
954.0	
982.0	
981.0	
961.0	
1027.0	
1063.0	
1150.0	
1150.0	
1151.0	
1141.0	
1123.0	
1120.0	
1120.0	
1086.0	
1086.0	
1142.0	
1147.0	
1168.0	
1167.0	
1167.0	
1168.0	
1184.0	
1186.0	
1188.0	
1189.0	
1189.0	
1199.0	
1216.0	
1167.0	
1167.0	
1188.0	
1192.0	
1200.0	
1225.0	
1222.0	
1218.0	
1179.0	
1158.0	
1140.0	
1145.0	
1154.0	
1167.0	
1167.0	
1218.0	
1218.0	
1220.0	
1220.0	
1228.0	
1209.0	
1238.0	
1126.0	
1117.0	
1110.0	
1110.0	
1126.0	
1126.0	
1152.0	
1052.0	
1056.0	
1088.0	
1068.0	
1089.0	
1088.0	
1088.0	
1067.0	
1103.0	
1100.0	
1105.0	
1110.0	
1132.0	
1105.0	
1105.0	
1067.0	
1069.0	
1080.0	
1104.0	
1115.0	
1146.0	
1122.0	
1109.0	
1064.0	
1046.0	
1046.0	
1082.0	
1095.0	
1095.0	
1090.0	
1090.0	
1141.0	
1137.0	
1137.0	
1141.0	
1158.0	
1139.0	
1140.0	
1171.0	
1185.0	
1168.0	
1165.0	
1170.0	
1187.0	
1187.0	
1206.0	
1151.0	
1196.0	
1230.0	
1229.0	
1235.0	
1214.0	
1208.0	
1206.0	
1184.0	
1183.0	
1182.0	
1207.0	
1207.0	
1145.0	
1067.0	
1059.0	
927.0	
927.0	
920.0	
920.0	
920.0	
884.0	
891.0	
923.0	
946.0	
996.0	
999.0	
1007.0	
1050.0	
1025.0	
1027.0	
1079.0	
1141.0	
1141.0	
1125.0	
1123.0	
1123.0	
1123.0	
1134.0	
1145.0	
1166.0	
1145.0	
1094.0	
1086.0	
1086.0	
1087.0	
1065.0	
1065.0	
1065.0	
1033.0	
1062.0	
1046.0	
1046.0	
1018.0	
1018.0	
1021.0	
1034.0	
1056.0	
1079.0	
1049.0	
1054.0	
1071.0	
1043.0	
1065.0	
1117.0	
1115.0	
1093.0	
1093.0	
1102.0	
1139.0	
1190.0	
1243.0	
1210.0	
1205.0	
1205.0	
1192.0	
1151.0	
1176.0	
1239.0	
1236.0	
1268.0	
1216.0	
1192.0	
1187.0	
1187.0	
1219.0	
1188.0	
1103.0	
1073.0	
1051.0	
1018.0	
1018.0	
976.0	
982.0	
1018.0	
1090.0	
1103.0	
1148.0	
1235.0	
1235.0	
1238.0	
1250.0	
1238.0	
1272.0	
1216.0	
1216.0	
1216.0	
1219.0	
1269.0	
1212.0	
1256.0	
1286.0	
1229.0	
1194.0	
1194.0	
1191.0	
1181.0	
1184.0	
1209.0	
1202.0	
1208.0	
1241.0	
1258.0	
1257.0	
1206.0	
1206.0	
1142.0	
1139.0	
1137.0	
1137.0	
1137.0	
1137.0	
1174.0	
1246.0	
1281.0	
1282.0	
1342.0	
1321.0	
1364.0	
1224.0	
1276.0	
1240.0	
1243.0	
1238.0	
1238.0	
1238.0	
1243.0	
1232.0	
1259.0	
1217.0	
1216.0	
1167.0	
1160.0	
1085.0	
1056.0	
1032.0	
1035.0	
1042.0	
1071.0	
1068.0	
1068.0	
1069.0	
1051.0	
1051.0	
968.0	
968.0	
981.0	
945.0	
978.0	
1021.0	
1005.0	
1031.0	
1053.0	
965.0	
943.0	
921.0	
953.0	
988.0	
1026.0	
1075.0	
1065.0	
1098.0	
1166.0	
1239.0	
1239.0	
1284.0	
1212.0	
1154.0	
1230.0	
1332.0	
1288.0	
1244.0	
1233.0	
1234.0	
1201.0	
1202.0	
1203.0	
1212.0	
1187.0	
1259.0	
1202.0	
1193.0	
1194.0	
1198.0	
1216.0	
1081.0	
1079.0	
1084.0	
1091.0	
1078.0	
1101.0	
1050.0	
1029.0	
1029.0	
1001.0	
995.0	
1019.0	
1019.0	
1000.0	
1029.0	
1036.0	
1039.0	
1032.0	
1036.0	
1032.0	
1032.0	
1032.0	
1025.0	
1000.0	
1025.0	
976.0	
995.0	
995.0	
957.0	
1012.0	
1012.0	
1046.0	
1101.0	
1116.0	
884.0	
856.0	
858.0	
861.0	
842.0	
837.0	
837.0	
843.0	
846.0	
853.0	
877.0	
885.0	
903.0	
929.0	
965.0	
966.0	
921.0	
920.0	
920.0	
914.0	
980.0	
973.0	
973.0	
1018.0	
1046.0	
980.0	
977.0	
974.0	
974.0	
992.0	
1046.0	
1031.0	
1025.0	
1025.0	
993.0	
929.0	
925.0	
982.0	
959.0	
966.0	
964.0	
1002.0	
959.0	
959.0	
962.0	
964.0	
940.0	
936.0	
930.0	
945.0	
945.0	
945.0	
945.0	
948.0	
954.0	
961.0	
934.0	
931.0	
934.0	
944.0	
989.0	
966.0	
965.0	
965.0	
968.0	
975.0	
985.0	
1004.0	
1029.0	
1028.0	
1011.0	
1011.0	
1023.0	
1052.0	
1039.0	
1038.0	
1039.0	
1040.0	
1030.0	
1032.0	
1035.0	
1000.0	
989.0	
994.0	
1004.0	
1057.0	
1057.0	
1053.0	
1055.0	
1042.0	
1105.0	
1098.0	
1083.0	
1081.0	
1078.0	
1078.0	
1080.0	
1084.0	
1124.0	
1127.0	
1127.0	
1123.0	
1064.0	
1034.0	
1020.0	
1020.0	
1020.0	
1030.0	
1043.0	
1031.0	
1025.0	
1025.0	
1033.0	
918.0	
956.0	
1001.0	
1044.0	
1043.0	
1036.0	
1036.0	
966.0	
898.0	
898.0	
915.0	
901.0	
927.0	
959.0	
966.0	
993.0	
1026.0	
883.0	
916.0	
916.0	
917.0	
866.0	
845.0	
844.0	
845.0	
853.0	
870.0	
892.0	
904.0	
901.0	
878.0	
881.0	
932.0	
964.0	
961.0	
1009.0	
994.0	
1002.0	
1002.0	
1032.0	
1002.0	
999.0	
999.0	
1006.0	
920.0	
921.0	
949.0	
898.0	
866.0	
865.0	
911.0	
975.0	
974.0	
1069.0	
1110.0	
1110.0	
1205.0	
1193.0	
1160.0	
1189.0	
1156.0	
1188.0	
1164.0	
1141.0	
1138.0	
1064.0	
1060.0	
1073.0	
1073.0	
1103.0	
1091.0	
1091.0	
1091.0	
1157.0	
1161.0	
1173.0	
1174.0	
1207.0	
1200.0	
1216.0	
1221.0	
1210.0	
1229.0	
1227.0	
1249.0	
1249.0	
1249.0	
1242.0	
1279.0	
1291.0	
1304.0	
1198.0	
1204.0	
1207.0	
1178.0	
1203.0	
1131.0	
1099.0	
1073.0	
1073.0	
1092.0	
1041.0	
998.0	
1004.0	
1030.0	
945.0	
948.0	
952.0	
955.0	
966.0	
981.0	
981.0	
978.0	
952.0	
966.0	
960.0	
912.0	
875.0	
872.0	
892.0	
928.0	
954.0	
910.0	
909.0	
958.0	
940.0	
940.0	
940.0	
1005.0	
995.0	
1023.0	
1023.0	
1007.0	
997.0	
988.0	
951.0	
951.0	
956.0	
980.0	
928.0	
877.0	
877.0	
877.0	
893.0	
927.0	
927.0	
930.0	
924.0	
959.0	
959.0	
956.0	
886.0	
886.0	
892.0	
899.0	
916.0	
963.0	
1040.0	
1057.0	
1085.0	
1135.0	
1202.0	
1186.0	
1160.0	
1111.0	
1111.0	
1118.0	
1125.0	
1068.0	
1115.0	
1182.0	
1258.0	
1349.0	
1423.0	
1373.0	
1333.0	
1298.0	
1295.0	
1256.0	
1256.0	
1215.0	
1220.0	
1218.0	
1184.0	
1185.0	
1180.0	
1180.0	
1182.0	
1203.0	
1208.0	
1230.0	
1196.0	
1225.0	
1230.0	
1230.0	
1212.0	
1183.0	
1182.0	
1165.0	
1133.0	
1133.0	
1130.0	
1047.0	
1047.0	
1023.0	
1020.0	
1021.0	
1029.0	
1050.0	
1050.0	
1059.0	
1136.0	
1194.0	
1203.0	
1226.0	
1226.0	
1264.0	
1267.0	
1292.0	
1290.0	
1259.0	
1255.0	
1190.0	
1159.0	
1158.0	
1158.0	
1157.0	
1133.0	
1154.0	
1154.0	
1023.0	
1001.0	
976.0	
976.0	
1005.0	
1043.0	
1045.0	
1073.0	
1076.0	
1093.0	
1093.0	
1095.0	
1117.0	
1045.0	
1050.0	
889.0	
893.0	
914.0	
938.0	
939.0	
938.0	
963.0	
1015.0	
891.0	
830.0	
835.0	
894.0	
887.0	
894.0	
989.0	
986.0	
983.0	
992.0	
1033.0	
1067.0	
1051.0	
1023.0	
1023.0	
1024.0	
1030.0	
1030.0	
1056.0	
1083.0	
952.0	
981.0	
983.0	
976.0	
1003.0	
954.0	
957.0	
940.0	
950.0	
960.0	
938.0	
913.0	
888.0	
865.0	
858.0	
858.0	
858.0	
856.0	
865.0	
867.0	
867.0	
856.0	
844.0	
844.0	
847.0	
808.0	
825.0	
829.0	
858.0	
853.0	
842.0	
842.0	
890.0	
912.0	
974.0	
977.0	
1045.0	
955.0	
955.0	
955.0	
960.0	
962.0	
965.0	
963.0	
922.0	
929.0	
934.0	
928.0	
974.0	
974.0	
974.0	
1001.0	
916.0	
916.0	
992.0	
1007.0	
999.0	
951.0	
972.0	
972.0	
949.0	
946.0	
946.0	
950.0	
950.0	
942.0	
941.0	
986.0	
982.0	
990.0	
1027.0	
876.0	
815.0	
813.0	
841.0	
882.0	
820.0	
820.0	
832.0	
848.0	
837.0	
914.0	
916.0	
934.0	
1029.0	
1055.0	
1095.0	
1093.0	
1065.0	
1032.0	
1026.0	
1026.0	
1028.0	
1026.0	
1014.0	
1003.0	
998.0	
985.0	
959.0	
960.0	
974.0	
974.0	
977.0	
1012.0	
1063.0	
1064.0	
983.0	
986.0	
1008.0	
1036.0	
1036.0	
1077.0	
1104.0	
1104.0	
1084.0	
1092.0	
1049.0	
972.0	
998.0	
980.0	
973.0	
971.0	
973.0	
920.0	
945.0	
950.0	
945.0	
955.0	
955.0	
959.0	
1004.0	
944.0	
932.0	
918.0	
918.0	
918.0	
918.0	
896.0	
894.0	
818.0	
827.0	
843.0	
831.0	
831.0	
808.0	
801.0	
802.0	
806.0	
806.0	
806.0	
812.0	
828.0	
800.0	
823.0	
832.0	
809.0	
808.0	
814.0	
816.0	
819.0	
890.0	
935.0	
942.0	
933.0	
926.0	
929.0	
975.0	
975.0	
966.0	
966.0	
982.0	
1005.0	
1029.0	
946.0	
938.0	
911.0	
910.0	
915.0	
928.0	
953.0	
997.0	
937.0	
953.0	
1026.0	
1054.0	
1054.0	
1058.0	
1078.0	
1041.0	
1025.0	
951.0	
900.0	
892.0	
889.0	
878.0	
844.0	
844.0	
844.0	
838.0	
804.0	
820.0	
836.0	
839.0	
838.0	
834.0	
835.0	
868.0	
943.0	
940.0	
952.0	
978.0	
978.0	
983.0	
983.0	
1020.0	
1020.0	
933.0	
930.0	
927.0	
900.0	
892.0	
884.0	
918.0	
918.0	
904.0	
904.0	
917.0	
930.0	
886.0	
886.0	
902.0	
952.0	
926.0	
902.0	
911.0	
915.0	
928.0	
954.0	
954.0	
966.0	
992.0	
1026.0	
1015.0	
1044.0	
1044.0	
1026.0	
1026.0	
1056.0	
1002.0	
992.0	
981.0	
991.0	
930.0	
943.0	
933.0	
951.0	
949.0	
973.0	
979.0	
956.0	
956.0	
928.0	
915.0	
908.0	
912.0	
956.0	
895.0	
898.0	
901.0	
945.0	
955.0	
955.0	
953.0	
968.0	
998.0	
897.0	
897.0	
921.0	
918.0	
920.0	
907.0	
907.0	
884.0	
866.0	
865.0	
864.0	
864.0	
730.0	
727.0	
755.0	
758.0	
754.0	
764.0	
772.0	
801.0	
835.0	
929.0	
929.0	
935.0	
938.0	
938.0	
912.0	
918.0	
943.0	
988.0	
987.0	
987.0	
1002.0	
1014.0	
996.0	
1002.0	
1029.0	
1029.0	
1055.0	
1055.0	
1055.0	
1055.0	
1071.0	
1068.0	
1019.0	
1005.0	
1063.0	
1059.0	
1082.0	
1126.0	
1162.0	
1138.0	
1094.0	
1090.0	
1090.0	
1107.0	
1128.0	
1140.0	
1135.0	
1112.0	
1111.0	
1093.0	
1097.0	
1114.0	
1145.0	
1184.0	
1040.0	
1040.0	
1040.0	
1002.0	
975.0	
938.0	
921.0	
938.0	
881.0	
881.0	
912.0	
974.0	
974.0	
980.0	
981.0	
878.0	
878.0	
945.0	
942.0	
947.0	
963.0	
960.0	
957.0	
962.0	
962.0	
1010.0	
1028.0	
1014.0	
974.0	
973.0	
973.0	
973.0	
980.0	
1004.0	
998.0	
1011.0	
1000.0	
961.0	
990.0	
1008.0	
975.0	
979.0	
984.0	
1005.0	
1005.0	
1013.0	
1038.0	
1050.0	
1047.0	
1041.0	
1034.0	
1000.0	
1000.0	
1026.0	
969.0	
977.0	
1014.0	
1009.0	
983.0	
983.0	
1016.0	
953.0	
983.0	
986.0	
1023.0	
1023.0	
1045.0	
1061.0	
1101.0	
1091.0	
1027.0	
1031.0	
1045.0	
1103.0	
1112.0	
1160.0	
1166.0	
1204.0	
1201.0	
1201.0	
1202.0	
1143.0	
1132.0	
1126.0	
1160.0	
1133.0	
1107.0	
1160.0	
1106.0	
1101.0	
1086.0	
1086.0	
1072.0	
1074.0	
1082.0	
1029.0	
1026.0	
1020.0	
969.0	
987.0	
989.0	
1032.0	
1032.0	
1035.0	
1085.0	
1085.0	
1111.0	
1107.0	
1106.0	
1080.0	
1057.0	
1044.0	
1028.0	
1029.0	
1034.0	
973.0	
1028.0	
1032.0	
998.0	
976.0	
970.0	
970.0	
1010.0	
956.0	
1023.0	
1003.0	
1004.0	
1007.0	
1028.0	
1044.0	
1014.0	
1036.0	
1050.0	
1111.0	
1116.0	
1168.0	
1168.0	
1163.0	
1152.0	
1087.0	
1088.0	
1065.0	
1072.0	
1088.0	
1113.0	
1082.0	
953.0	
935.0	
888.0	
877.0	
968.0	
990.0	
990.0	
994.0	
962.0	
993.0	
958.0	
956.0	
998.0	
1049.0	
976.0	
969.0	
969.0	
997.0	
996.0	
1031.0	
1036.0	
1064.0	
1043.0	
948.0	
946.0	
950.0	
981.0	
981.0	
978.0	
973.0	
994.0	
986.0	
1010.0	
1048.0	
1050.0	
1015.0	
1039.0	
1039.0	
1005.0	
948.0	
950.0	
950.0	
870.0	
870.0	
870.0	
862.0	
868.0	
877.0	
879.0	
887.0	
901.0	
956.0	
997.0	
935.0	
935.0	
942.0	
944.0	
947.0	
952.0	
958.0	
979.0	
979.0	
1024.0	
1051.0	
1054.0	
1053.0	
1020.0	
1020.0	
1044.0	
959.0	
963.0	
963.0	
1005.0	
981.0	
1019.0	
1019.0	
991.0	
940.0	
966.0	
993.0	
951.0	
873.0	
866.0	
860.0	
860.0	
848.0	
848.0	
852.0	
860.0	
861.0	
861.0	
889.0	
875.0	
910.0	
918.0	
918.0	
918.0	
892.0	
885.0	
885.0	
893.0	
892.0	
901.0	
898.0	
916.0	
855.0	
879.0	
886.0	
882.0	
876.0	
876.0	
876.0	
876.0	
881.0	
917.0	
965.0	
1032.0	
970.0	
938.0	
935.0	
932.0	
933.0	
942.0	
915.0	
915.0	
945.0	
932.0	
929.0	
929.0	
937.0	
934.0	
981.0	
999.0	
1000.0	
988.0	
989.0	
1036.0	
1113.0	
1096.0	
1102.0	
1111.0	
1066.0	
1096.0	
1132.0	
1168.0	
1167.0	
1210.0	
1150.0	
1099.0	
1120.0	
1150.0	
1150.0	
1173.0	
1202.0	
1117.0	
1129.0	
1179.0	
1144.0	
1142.0	
1054.0	
973.0	
974.0	
997.0	
995.0	
993.0	
993.0	
991.0	
1008.0	
1035.0	
1027.0	
1029.0	
1009.0	
1000.0	
1000.0	
1000.0	
1006.0	
945.0	
943.0	
932.0	
929.0	
930.0	
866.0	
892.0	
921.0	
888.0	
885.0	
884.0	
887.0	
894.0	
906.0	
944.0	
943.0	
942.0	
990.0	
1044.0	
1040.0	
1102.0	
1172.0	
1140.0	
989.0	
989.0	
966.0	
966.0	
1002.0	
916.0	
867.0	
828.0	
791.0	
798.0	
801.0	
836.0	
863.0	
865.0	
844.0	
847.0	
892.0	
917.0	
917.0	
896.0	
897.0	
906.0	
887.0	
880.0	
891.0	
896.0	
912.0	
904.0	
903.0	
922.0	
957.0	
991.0	
1027.0	
1027.0	
1028.0	
1021.0	
1050.0	
1068.0	
1091.0	
1055.0	
1042.0	
938.0	
912.0	
887.0	
887.0	
889.0	
925.0	
925.0	
925.0	
907.0	
900.0	
897.0	
897.0	
921.0	
940.0	
941.0	
993.0	
1059.0	
1036.0	
1034.0	
1035.0	
1010.0	
1018.0	
1018.0	
1021.0	
1007.0	
1007.0	
1010.0	
1016.0	
928.0	
938.0	
884.0	
900.0	
924.0	
921.0	
923.0	
993.0	
991.0	
992.0	
994.0	
991.0	
1007.0	
1006.0	
1022.0	
1020.0	
1020.0	
1026.0	
1018.0	
941.0	
941.0	
950.0	
951.0	
982.0	
982.0	
981.0	
869.0	
869.0	
872.0	
888.0	
906.0	
948.0	
1015.0	
1016.0	
1028.0	
1053.0	
1057.0	
1154.0	
1156.0	
1051.0	
1054.0	
1054.0	
1045.0	
999.0	
942.0	
942.0	
944.0	
943.0	
960.0	
940.0	
934.0	
979.0	
986.0	
894.0	
891.0	
891.0	
891.0	
931.0	
923.0	
926.0	
937.0	
974.0	
1050.0	
1101.0	
1172.0	
1141.0	
1134.0	
1124.0	
1146.0	
1134.0	
1134.0	
1138.0	
1135.0	
1147.0	
1144.0	
1127.0	
1125.0	
1124.0	
1100.0	
1005.0	
1003.0	
1039.0	
1114.0	
1081.0	
1074.0	
1121.0	
1106.0	
1137.0	
1061.0	
1057.0	
1060.0	
1063.0	
1037.0	
1025.0	
1026.0	
970.0	
971.0	
966.0	
962.0	
981.0	
971.0	
971.0	
994.0	
886.0	
860.0	
860.0	
901.0	
951.0	
950.0	
984.0	
960.0	
1010.0	
1010.0	
1005.0	
981.0	
978.0	
874.0	
874.0	
874.0	
874.0	
829.0	
769.0	
764.0	
764.0	
764.0	
775.0	
827.0	
824.0	
828.0	
856.0	
860.0	
866.0	
830.0	
838.0	
885.0	
906.0	
906.0	
906.0	
907.0	
943.0	
962.0	
963.0	
1015.0	
1036.0	
1026.0	
965.0	
930.0	
970.0	
997.0	
990.0	
1008.0	
1000.0	
989.0	
988.0	
1014.0	
1010.0	
1017.0	
1060.0	
1115.0	
1089.0	
945.0	
923.0	
923.0	
929.0	
954.0	
945.0	
934.0	
934.0	
936.0	
948.0	
959.0	
1040.0	
1052.0	
1069.0	
1078.0	
1078.0	
1075.0	
1018.0	
1012.0	
1013.0	
1015.0	
1048.0	
1034.0	
1027.0	
1021.0	
1030.0	
1065.0	
958.0	
929.0	
951.0	
946.0	
952.0	
877.0	
877.0	
877.0	
878.0	
896.0	
919.0	
930.0	
929.0	
933.0	
939.0	
939.0	
940.0	
950.0	
962.0	
962.0	
962.0	
980.0	
960.0	
954.0	
970.0	
955.0	
960.0	
1000.0	
849.0	
837.0	
836.0	
827.0	
819.0	
794.0	
794.0	
794.0	
801.0	
825.0	
869.0	
873.0	
858.0	
833.0	
835.0	
840.0	
826.0	
813.0	
838.0	
867.0	
893.0	
870.0	
863.0	
932.0	
1027.0	
1025.0	
988.0	
1008.0	
982.0	
979.0	
999.0	
1016.0	
1015.0	
1015.0	
1018.0	
993.0	
965.0	
965.0	
932.0	
932.0	
916.0	
949.0	
986.0	
1014.0	
948.0	
979.0	
975.0	
928.0	
936.0	
838.0	
838.0	
838.0	
854.0	
852.0	
852.0	
855.0	
845.0	
881.0	
859.0	
864.0	
881.0	
813.0	
825.0	
851.0	
902.0	
1016.0	
1049.0	
1108.0	
1124.0	
1116.0	
1116.0	
1118.0	
1145.0	
1155.0	
1158.0	
1187.0	
1171.0	
1145.0	
1139.0	
1139.0	
1138.0	
1162.0	
1086.0	
1089.0	
1125.0	
1192.0	
1191.0	
1195.0	
1089.0	
1049.0	
1049.0	
1022.0	
1034.0	
1059.0	
1054.0	
920.0	
894.0	
896.0	
896.0	
904.0	
924.0	
951.0	
953.0	
915.0	
948.0	
935.0	
949.0	
982.0	
1005.0	
1045.0	
997.0	
1020.0	
1053.0	
1026.0	
1031.0	
1036.0	
1056.0	
1053.0	
1054.0	
1056.0	
1058.0	
1032.0	
1057.0	
993.0	
967.0	
996.0	
996.0	
946.0	
946.0	
946.0	
962.0	
1000.0	
1000.0	
1026.0	
912.0	
912.0	
887.0	
878.0	
876.0	
876.0	
854.0	
868.0	
914.0	
920.0	
919.0	
988.0	
964.0	
958.0	
968.0	
990.0	
1015.0	
914.0	
915.0	
908.0	
926.0	
962.0	
984.0	
984.0	
1020.0	
992.0	
986.0	
984.0	
988.0	
1001.0	
1011.0	
1058.0	
1046.0	
1046.0	
1063.0	
1080.0	
1070.0	
1024.0	
1014.0	
1057.0	
1124.0	
1105.0	
1137.0	
1103.0	
1100.0	
1124.0	
1142.0	
1067.0	
1093.0	
957.0	
958.0	
1004.0	
1015.0	
993.0	
991.0	
991.0	
1015.0	
1016.0	
1046.0	
1011.0	
1030.0	
1030.0	
1031.0	
1054.0	
957.0	
997.0	
991.0	
1015.0	
1014.0	
1014.0	
1022.0	
1055.0	
1009.0	
1009.0	
1032.0	
1055.0	
1047.0	
1015.0	
1015.0	
1010.0	
1014.0	
1003.0	
1044.0	
1074.0	
1108.0	
1108.0	
1108.0	
1145.0	
1176.0	
1040.0	
1040.0	
1046.0	
1081.0	
1081.0	
996.0	
984.0	
981.0	
1005.0	
1012.0	
878.0	
856.0	
893.0	
891.0	
930.0	
927.0	
909.0	
898.0	
898.0	
903.0	
934.0	
974.0	
967.0	
963.0	
914.0	
896.0	
892.0	
892.0	
812.0	
837.0	
871.0	
896.0	
896.0	
937.0	
934.0	
932.0	
932.0	
922.0	
923.0	
879.0	
861.0	
861.0	
861.0	
895.0	
879.0	
910.0	
872.0	
728.0	
728.0	
722.0	
722.0	
725.0	
741.0	
757.0	
784.0	
813.0	
903.0	
997.0	
1034.0	
1025.0	
1040.0	
1050.0	
1050.0	
1062.0	
1086.0	
1125.0	
1125.0	
1127.0	
1102.0	
1039.0	
1045.0	
1052.0	
1068.0	
1058.0	
1059.0	
1023.0	
1028.0	
948.0	
952.0	
964.0	
964.0	
957.0	
987.0	
984.0	
1008.0	
1003.0	
1006.0	
989.0	
967.0	
962.0	
962.0	
962.0	
963.0	
971.0	
982.0	
987.0	
1013.0	
979.0	
1003.0	
1031.0	
1031.0	
878.0	
878.0	
905.0	
928.0	
969.0	
986.0	
975.0	
991.0	
1009.0	
1028.0	
1028.0	
1033.0	
1028.0	
1052.0	
1049.0	
1058.0	
1066.0	
1096.0	
1061.0	
1061.0	
1026.0	
1002.0	
922.0	
897.0	
884.0	
891.0	
925.0	
940.0	
940.0	
946.0	
970.0	
937.0	
963.0	
1003.0	
1012.0	
1012.0	
1012.0	
1012.0	
1024.0	
1047.0	
1038.0	
1039.0	
1052.0	
1090.0	
1114.0	
1088.0	
1044.0	
1044.0	
991.0	
1036.0	
968.0	
998.0	
1075.0	
1073.0	
1073.0	
1038.0	
1017.0	
992.0	
970.0	
973.0	
971.0	
1003.0	
1025.0	
1025.0	
1048.0	
1012.0	
982.0	
929.0	
929.0	
937.0	
963.0	
959.0	
956.0	
966.0	
959.0	
956.0	
965.0	
947.0	
978.0	
1010.0	
1010.0	
1039.0	
978.0	
890.0	
871.0	
871.0	
895.0	
892.0	
944.0	
948.0	
938.0	
941.0	
948.0	
927.0	
836.0	
836.0	
847.0	
869.0	
893.0	
918.0	
782.0	
808.0	
837.0	
881.0	
881.0	
881.0	
916.0	
911.0	
912.0	
886.0	
888.0	
875.0	
895.0	
883.0	
880.0	
880.0	
877.0	
893.0	
923.0	
927.0	
884.0	
888.0	
894.0	
928.0	
976.0	
1000.0	
1039.0	
1040.0	
1029.0	
1034.0	
1034.0	
1012.0	
1037.0	
1098.0	
1137.0	
1119.0	
1111.0	
1111.0	
1084.0	
1091.0	
1036.0	
973.0	
944.0	
1005.0	
956.0	
956.0	
982.0	
1015.0	
1045.0	
1037.0	
1051.0	
1077.0	
1038.0	
1054.0	
1065.0	
1069.0	
1067.0	
1047.0	
1114.0	
1130.0	
1100.0	
1075.0	
1050.0	
1046.0	
1077.0	
1077.0	
1120.0	
1122.0	
1123.0	
1133.0	
1158.0	
1065.0	
1065.0	
1100.0	
1104.0	
1147.0	
1124.0	
1081.0	
1099.0	
1078.0	
1072.0	
1066.0	
1074.0	
1099.0	
1027.0	
993.0	
933.0	
910.0	
893.0	
890.0	
902.0	
898.0	
923.0	
956.0	
922.0	
922.0	
911.0	
949.0	
949.0	
951.0	
965.0	
970.0	
994.0	
909.0	
935.0	
906.0	
899.0	
915.0	
914.0	
887.0	
875.0	
875.0	
875.0	
896.0	
848.0	
847.0	
838.0	
812.0	
812.0	
858.0	
890.0	
893.0	
888.0	
889.0	
890.0	
908.0	
840.0	
821.0	
847.0	
860.0	
839.0	
860.0	
874.0	
977.0	
1010.0	
974.0	
974.0	
981.0	
927.0	
932.0	
884.0	
863.0	
903.0	
904.0	
903.0	
889.0	
876.0	
907.0	
907.0	
907.0	
935.0	
935.0	
951.0	
977.0	
981.0	
981.0	
880.0	
857.0	
867.0	
867.0	
871.0	
883.0	
899.0	
899.0	
926.0	
962.0	
986.0	
937.0	
933.0	
883.0	
909.0	
967.0	
1007.0	
1007.0	
1007.0	
1044.0	
1041.0	
1059.0	
1098.0	
1143.0	
1115.0	
1094.0	
1094.0	
1058.0	
1007.0	
946.0	
946.0	
947.0	
962.0	
962.0	
967.0	
979.0	
957.0	
957.0	
957.0	
895.0	
895.0	
916.0	
945.0	
986.0	
1013.0	
1052.0	
1073.0	
1132.0	
1132.0	
1173.0	
1073.0	
1070.0	
1066.0	
1063.0	
1071.0	
1071.0	
1110.0	
1186.0	
1158.0	
1113.0	
1113.0	
1113.0	
1108.0	
1065.0	
1065.0	
1068.0	
1071.0	
1061.0	
954.0	
918.0	
893.0	
891.0	
889.0	
886.0	
885.0	
885.0	
885.0	
885.0	
893.0	
926.0	
914.0	
944.0	
913.0	
915.0	
931.0	
962.0	
978.0	
978.0	
1017.0	
1037.0	
1037.0	
1065.0	
1028.0	
992.0	
990.0	
992.0	
981.0	
982.0	
1004.0	
1042.0	
1067.0	
1054.0	
1054.0	
1054.0	
1065.0	
1062.0	
1062.0	
1057.0	
1086.0	
1068.0	
1068.0	
1010.0	
1001.0	
1033.0	
1033.0	
1082.0	
1082.0	
1070.0	
1094.0	
972.0	
970.0	
892.0	
925.0	
975.0	
972.0	
973.0	
976.0	
976.0	
1032.0	
1114.0	
1111.0	
1084.0	
1101.0	
1101.0	
1103.0	
1130.0	
1135.0	
1110.0	
1104.0	
1104.0	
1111.0	
1037.0	
1024.0	
1009.0	
972.0	
880.0	
880.0	
875.0	
899.0	
897.0	
924.0	
924.0	
841.0	
870.0	
891.0	
891.0	
870.0	
886.0	
932.0	
982.0	
942.0	
999.0	
972.0	
999.0	
1006.0	
996.0	
1002.0	
1002.0	
1025.0	
1025.0	
1058.0	
1026.0	
1000.0	
979.0	
960.0	
959.0	
925.0	
925.0	
930.0	
939.0	
868.0	
862.0	
900.0	
943.0	
940.0	
889.0	
912.0	
912.0	
912.0	
915.0	
904.0	
884.0	
924.0	
922.0	
966.0	
1042.0	
1045.0	
890.0	
866.0	
850.0	
836.0	
839.0	
839.0	
845.0	
858.0	
858.0	
892.0	
861.0	
877.0	
964.0	
930.0	
967.0	
936.0	
938.0	
935.0	
935.0	
928.0	
886.0	
900.0	
923.0	
910.0	
939.0	
919.0	
919.0	
919.0	
924.0	
949.0	
985.0	
931.0	
928.0	
934.0	
975.0	
972.0	
969.0	
965.0	
966.0	
967.0	
967.0	
969.0	
923.0	
920.0	
920.0	
928.0	
951.0	
985.0	
965.0	
958.0	
959.0	
956.0	
946.0	
993.0	
990.0	
1052.0	
1088.0	
1131.0	
1071.0	
1020.0	
1020.0	
1020.0	
1022.0	
1022.0	
1039.0	
1011.0	
962.0	
944.0	
966.0	
950.0	
859.0	
845.0	
845.0	
848.0	
779.0	
815.0	
839.0	
833.0	
797.0	
819.0	
820.0	
827.0	
827.0	
826.0	
839.0	
839.0	
855.0	
855.0	
828.0	
827.0	
833.0	
832.0	
856.0	
881.0	
876.0	
852.0	
869.0	
891.0	
891.0	
897.0	
925.0	
936.0	
936.0	
936.0	
939.0	
946.0	
986.0	
1014.0	
1018.0	
1077.0	
1114.0	
1121.0	
1100.0	
1089.0	
1035.0	
1035.0	
1035.0	
1097.0	
1133.0	
1110.0	
1074.0	
1046.0	
1020.0	
1020.0	
970.0	
985.0	
1046.0	
1071.0	
1074.0	
983.0	
976.0	
1027.0	
1035.0	
1064.0	
1117.0	
1089.0	
975.0	
960.0	
974.0	
976.0	
980.0	
909.0	
925.0	
907.0	
913.0	
901.0	
901.0	
896.0	
903.0	
912.0	
915.0	
938.0	
936.0	
937.0	
968.0	
968.0	
967.0	
966.0	
965.0	
965.0	
967.0	
972.0	
980.0	
975.0	
921.0	
945.0	
994.0	
879.0	
928.0	
928.0	
937.0	
926.0	
961.0	
1031.0	
1031.0	
1106.0	
1158.0	
1201.0	
1190.0	
1191.0	
1161.0	
1137.0	
1128.0	
1127.0	
1127.0	
1153.0	
1202.0	
1105.0	
1111.0	
1117.0	
1146.0	
1027.0	
1006.0	
1018.0	
976.0	
975.0	
1042.0	
1073.0	
1068.0	
1088.0	
1154.0	
1237.0	
1347.0	
1342.0	
1341.0	
1362.0	
1334.0	
1333.0	
1333.0	
1342.0	
1352.0	
1375.0	
1362.0	
1362.0	
1316.0	
1173.0	
1205.0	
1186.0	
1186.0	
1124.0	
1019.0	
1021.0	
987.0	
987.0	
1031.0	
1011.0	
1048.0	
903.0	
903.0	
904.0	
932.0	
959.0	
953.0	
945.0	
945.0	
963.0	
963.0	
999.0	
1000.0	
1027.0	
1068.0	
1018.0	
1019.0	
1019.0	
1065.0	
1071.0	
1058.0	
1058.0	
1071.0	
1069.0	
1008.0	
968.0	
969.0	
937.0	
935.0	
797.0	
809.0	
810.0	
810.0	
836.0	
836.0	
839.0	
810.0	
799.0	
799.0	
777.0	
787.0	
809.0	
842.0	
778.0	
775.0	
775.0	
777.0	
799.0	
825.0	
825.0	
865.0	
911.0	
989.0	
982.0	
971.0	
966.0	
966.0	
963.0	
942.0	
952.0	
976.0	
924.0	
924.0	
886.0	
886.0	
888.0	
904.0	
921.0	
852.0	
844.0	
757.0	
759.0	
795.0	
789.0	
793.0	
822.0	
867.0	
944.0	
961.0	
996.0	
1018.0	
1003.0	
1003.0	
1003.0	
1009.0	
1010.0	
1013.0	
1003.0	
1009.0	
1058.0	
1099.0	
1098.0	
995.0	
921.0	
961.0	
968.0	
1013.0	
1013.0	
1013.0	
1030.0	
972.0	
973.0	
965.0	
939.0	
932.0	
957.0	
957.0	
983.0	
981.0	
982.0	
968.0	
968.0	
972.0	
977.0	
955.0	
1013.0	
1011.0	
1085.0	
1085.0	
1101.0	
1103.0	
993.0	
1026.0	
1034.0	
1001.0	
1047.0	
1025.0	
1105.0	
1015.0	
1015.0	
1026.0	
1002.0	
936.0	
927.0	
927.0	
958.0	
958.0	
984.0	
965.0	
962.0	
962.0	
963.0	
963.0	
978.0	
1032.0	
1085.0	
1157.0	
1093.0	
1093.0	
1106.0	
1106.0	
1067.0	
1095.0	
1186.0	
1140.0	
1140.0	
1139.0	
1143.0	
1028.0	
1014.0	
1020.0	
934.0	
935.0	
939.0	
962.0	
1019.0	
1066.0	
1109.0	
1026.0	
935.0	
967.0	
1016.0	
1009.0	
997.0	
998.0	
995.0	
1008.0	
951.0	
1004.0	
1000.0	
1060.0	
1018.0	
1003.0	
980.0	
994.0	
1027.0	
1031.0	
1076.0	
1084.0	
1009.0	
1002.0	
940.0	
937.0	
941.0	
949.0	
917.0	
939.0	
939.0	
961.0	
960.0	
960.0	
983.0	
862.0	
908.0	
935.0	
849.0	
849.0	
896.0	
897.0	
923.0	
966.0	
1000.0	
1047.0	
1121.0	
1116.0	
1089.0	
1089.0	
1077.0	
1072.0	
1076.0	
1093.0	
1100.0	
1101.0	
1042.0	
1017.0	
975.0	
973.0	
1008.0	
1027.0	
1027.0	
1026.0	
1032.0	
1062.0	
1056.0	
926.0	
912.0	
932.0	
957.0	
988.0	
995.0	
1064.0	
1064.0	
1084.0	
1054.0	
1054.0	
982.0	
922.0	
922.0	
938.0	
973.0	
973.0	
971.0	
977.0	
1003.0	
1041.0	
1073.0	
1112.0	
1086.0	
996.0	
977.0	
971.0	
971.0	
860.0	
862.0	
861.0	
828.0	
829.0	
856.0	
830.0	
883.0	
906.0	
904.0	
904.0	
946.0	
913.0	
917.0	
953.0	
932.0	
1003.0	
954.0	
942.0	
966.0	
965.0	
961.0	
954.0	
978.0	
1018.0	
1012.0	
1012.0	
944.0	
901.0	
898.0	
902.0	
933.0	
895.0	
882.0	
783.0	
809.0	
845.0	
850.0	
824.0	
820.0	
823.0	
853.0	
847.0	
847.0	
847.0	
848.0	
816.0	
823.0	
877.0	
906.0	
964.0	
964.0	
992.0	
978.0	
1048.0	
1041.0	
1042.0	
1050.0	
1143.0	
1125.0	
1103.0	
1100.0	
1101.0	
1109.0	
1155.0	
1182.0	
1208.0	
1242.0	
1207.0	
1207.0	
1207.0	
1205.0	
1319.0	
1241.0	
1185.0	
1180.0	
1180.0	
1184.0	
1157.0	
1190.0	
1165.0	
1067.0	
1026.0	
960.0	
923.0	
905.0	
905.0	
907.0	
986.0	
986.0	
1013.0	
926.0	
934.0	
960.0	
931.0	
934.0	
933.0	
959.0	
1006.0	
946.0	
942.0	
928.0	
927.0	
897.0	
897.0	
896.0	
917.0	
917.0	
917.0	
933.0	
908.0	
905.0	
899.0	
930.0	
974.0	
1036.0	
1036.0	
1048.0	
1086.0	
1068.0	
1007.0	
1007.0	
1007.0	
1035.0	
1016.0	
970.0	
970.0	
1048.0	
1022.0	
995.0	
974.0	
974.0	
888.0	
888.0	
869.0	
870.0	
759.0	
759.0	
764.0	
678.0	
685.0	
739.0	
797.0	
800.0	
797.0	
786.0	
785.0	
785.0	
793.0	
815.0	
812.0	
824.0	
847.0	
845.0	
845.0	
842.0	
845.0	
888.0	
927.0	
941.0	
961.0	
951.0	
952.0	
946.0	
943.0	
955.0	
990.0	
1017.0	
1016.0	
975.0	
975.0	
976.0	
917.0	
940.0	
962.0	
959.0	
1004.0	
1013.0	
999.0	
999.0	
999.0	
1006.0	
1018.0	
1030.0	
1043.0	
936.0	
932.0	
932.0	
934.0	
934.0	
942.0	
958.0	
985.0	
1016.0	
929.0	
925.0	
1019.0	
991.0	
991.0	
1001.0	
1001.0	
971.0	
971.0	
966.0	
922.0	
913.0	
913.0	
917.0	
924.0	
931.0	
942.0	
963.0	
954.0	
952.0	
956.0	
980.0	
980.0	
1031.0	
1009.0	
1011.0	
1017.0	
1045.0	
1073.0	
1133.0	
1159.0	
1188.0	
1226.0	
1209.0	
1176.0	
1148.0	
1148.0	
1148.0	
1067.0	
1067.0	
1069.0	
1012.0	
1003.0	
1006.0	
990.0	
1020.0	
959.0	
953.0	
892.0	
830.0	
849.0	
849.0	
885.0	
890.0	
890.0	
919.0	
920.0	
900.0	
901.0	
913.0	
924.0	
922.0	
940.0	
967.0	
988.0	
992.0	
992.0	
993.0	
992.0	
1041.0	
1052.0	
1037.0	
1039.0	
926.0	
909.0	
909.0	
919.0	
893.0	
872.0	
872.0	
889.0	
913.0	
847.0	
842.0	
905.0	
898.0	
894.0	
892.0	
918.0	
925.0	
974.0	
848.0	
848.0	
836.0	
839.0	
842.0	
893.0	
893.0	
955.0	
1033.0	
1077.0	
1017.0	
1024.0	
1027.0	
1027.0	
1061.0	
1077.0	
1076.0	
1076.0	
1078.0	
968.0	
963.0	
966.0	
994.0	
991.0	
991.0	
1023.0	
1024.0	
1030.0	
1029.0	
1025.0	
1025.0	
1046.0	
1072.0	
1098.0	
1029.0	
1004.0	
1004.0	
1008.0	
1032.0	
1047.0	
1045.0	
1076.0	
1051.0	
1067.0	
945.0	
996.0	
947.0	
970.0	
1032.0	
1032.0	
1058.0	
1094.0	
1087.0	
1085.0	
1058.0	
1015.0	
1009.0	
980.0	
980.0	
894.0	
907.0	
942.0	
917.0	
962.0	
950.0	
999.0	
999.0	
1000.0	
1028.0	
1095.0	
1031.0	
1023.0	
1015.0	
974.0	
973.0	
1021.0	
1048.0	
1052.0	
1143.0	
1227.0	
1221.0	
1220.0	
1193.0	
1127.0	
1127.0	
1121.0	
1123.0	
1127.0	
1126.0	
1129.0	
1149.0	
1118.0	
1082.0	
1066.0	
1065.0	
1102.0	
1131.0	
1122.0	
1117.0	
1140.0	
1172.0	
1172.0	
1172.0	
1172.0	
1122.0	
1055.0	
997.0	
988.0	
964.0	
942.0	
935.0	
913.0	
914.0	
916.0	
921.0	
921.0	
936.0	
936.0	
964.0	
957.0	
900.0	
900.0	
865.0	
848.0	
877.0	
899.0	
916.0	
915.0	
939.0	
943.0	
976.0	
981.0	
981.0	
1011.0	
1001.0	
1005.0	
962.0	
930.0	
868.0	
850.0	
850.0	
850.0	
871.0	
871.0	
871.0	
890.0	
926.0	
902.0	
859.0	
855.0	
855.0	
840.0	
861.0	
861.0	
890.0	
930.0	
926.0	
954.0	
993.0	
910.0	
891.0	
890.0	
890.0	
884.0	
862.0	
841.0	
841.0	
816.0	
803.0	
803.0	
802.0	
805.0	
726.0	
731.0	
740.0	
740.0	
777.0	
779.0	
811.0	
811.0	
814.0	
776.0	
798.0	
838.0	
838.0	
838.0	
843.0	
887.0	
854.0	
870.0	
809.0	
840.0	
815.0	
844.0	
844.0	
845.0	
852.0	
852.0	
899.0	
899.0	
896.0	
890.0	
890.0	
884.0	
908.0	
945.0	
1038.0	
1035.0	
1038.0	
1031.0	
1058.0	
1091.0	
1055.0	
1032.0	
1032.0	
1033.0	
1034.0	
1041.0	
989.0	
979.0	
967.0	
967.0	
989.0	
881.0	
976.0	
952.0	
930.0	
928.0	
961.0	
961.0	
995.0	
994.0	
1046.0	
1044.0	
1068.0	
1098.0	
1037.0	
981.0	
953.0	
996.0	
1019.0	
1019.0	
1040.0	
1056.0	
1102.0	
1090.0	
1091.0	
1089.0	
1087.0	
1087.0	
1136.0	
1039.0	
1036.0	
1034.0	
1059.0	
1010.0	
1061.0	
1094.0	
1094.0	
1093.0	
1083.0	
1080.0	
1020.0	
1020.0	
1021.0	
1012.0	
1012.0	
1018.0	
1029.0	
1028.0	
1027.0	
994.0	
967.0	
944.0	
937.0	
937.0	
940.0	
948.0	
952.0	
952.0	
951.0	
978.0	
978.0	
989.0	
994.0	
1023.0	
1070.0	
1070.0	
1068.0	
1115.0	
1145.0	
1035.0	
915.0	
912.0	
910.0	
909.0	
898.0	
898.0	
912.0	
914.0	
903.0	
779.0	
752.0	
802.0	
793.0	
786.0	
838.0	
847.0	
900.0	
916.0	
907.0	
915.0	
966.0	
1031.0	
1009.0	
1044.0	
987.0	
980.0	
970.0	
969.0	
969.0	
986.0	
986.0	
989.0	
989.0	
1025.0	
952.0	
983.0	
960.0	
964.0	
992.0	
985.0	
988.0	
997.0	
1043.0	
1113.0	
1100.0	
1124.0	
1098.0	
1098.0	
1123.0	
1120.0	
1122.0	
1134.0	
1185.0	
1146.0	
1113.0	
1096.0	
1084.0	
1126.0	
1126.0	
1162.0	
1089.0	
1086.0	
1086.0	
1091.0	
1089.0	
1085.0	
1109.0	
1058.0	
1004.0	
1013.0	
1019.0	
1024.0	
1024.0	
1047.0	
1074.0	
1029.0	
1029.0	
1028.0	
1029.0	
1032.0	
1036.0	
1040.0	
1040.0	
1067.0	
1120.0	
1121.0	
1123.0	
1123.0	
1036.0	
1032.0	
1037.0	
1045.0	
1078.0	
1101.0	
964.0	
911.0	
973.0	
922.0	
921.0	
980.0	
1032.0	
1071.0	
976.0	
1058.0	
1061.0	
1037.0	
1033.0	
1044.0	
1007.0	
1006.0	
986.0	
935.0	
910.0	
910.0	
910.0	
916.0	
919.0	
935.0	
946.0	
943.0	
943.0	
943.0	
938.0	
942.0	
969.0	
1005.0	
1011.0	
965.0	
965.0	
940.0	
933.0	
932.0	
933.0	
923.0	
921.0	
924.0	
875.0	
875.0	
852.0	
855.0	
902.0	
929.0	
929.0	
955.0	
958.0	
964.0	
920.0	
925.0	
921.0	
857.0	
857.0	
881.0	
796.0	
800.0	
825.0	
822.0	
796.0	
798.0	
737.0	
775.0	
775.0	
763.0	
758.0	
835.0	
875.0	
919.0	
920.0	
921.0	
924.0	
938.0	
907.0	
941.0	
903.0	
946.0	
1025.0	
1025.0	
950.0	
956.0	
1048.0	
1185.0	
1212.0	
1214.0	
1239.0	
1209.0	
1260.0	
1269.0	
1231.0	
1200.0	
1157.0	
1157.0	
1157.0	
1157.0	
1161.0	
1167.0	
1162.0	
1157.0	
1184.0	
1228.0	
1227.0	
1239.0	
1238.0	
1253.0	
1119.0	
1147.0	
1115.0	
1109.0	
1109.0	
1147.0	
1030.0	
1038.0	
1095.0	
1130.0	
1172.0	
1238.0	
1249.0	
1174.0	
1181.0	
1209.0	
1121.0	
1121.0	
1142.0	
1183.0	
1184.0	
1187.0	
1119.0	
1139.0	
1165.0	
1176.0	
1092.0	
1065.0	
1110.0	
1156.0	
1201.0	
1017.0	
1017.0	
1027.0	
1071.0	
1072.0	
1078.0	
1103.0	
1128.0	
1155.0	
1027.0	
991.0	
991.0	
947.0	
936.0	
960.0	
960.0	
994.0	
1055.0	
1127.0	
1120.0	
1119.0	
1121.0	
1114.0	
1041.0	
1032.0	
1037.0	
1042.0	
1043.0	
1037.0	
968.0	
984.0	
984.0	
1011.0	
1038.0	
937.0	
906.0	
906.0	
873.0	
872.0	
877.0	
944.0	
945.0	
895.0	
895.0	
971.0	
987.0	
964.0	
987.0	
974.0	
884.0	
881.0	
916.0	
875.0	
879.0	
883.0	
885.0	
921.0	
943.0	
944.0	
991.0	
1025.0	
1043.0	
1045.0	
1033.0	
1053.0	
1103.0	
1131.0	
1201.0	
1036.0	
1008.0	
1079.0	
1072.0	
1014.0	
1014.0	
1055.0	
1047.0	
1041.0	
972.0	
969.0	
931.0	
924.0	
924.0	
924.0	
902.0	
928.0	
967.0	
924.0	
924.0	
948.0	
960.0	
952.0	
951.0	
996.0	
1060.0	
1053.0	
1053.0	
1056.0	
1090.0	
1104.0	
1130.0	
1128.0	
1125.0	
1148.0	
1108.0	
1073.0	
1079.0	
1079.0	
1088.0	
1042.0	
1003.0	
1020.0	
1020.0	
1004.0	
990.0	
989.0	
1005.0	
1023.0	
975.0	
923.0	
924.0	
924.0	
925.0	
944.0	
967.0	
877.0	
907.0	
984.0	
1000.0	
970.0	
970.0	
977.0	
1001.0	
1002.0	
1028.0	
986.0	
982.0	
1013.0	
1016.0	
1024.0	
1050.0	
1095.0	
1028.0	
1028.0	
1073.0	
1014.0	
1036.0	
955.0	
952.0	
955.0	
950.0	
979.0	
919.0	
893.0	
861.0	
888.0	
878.0	
901.0	
881.0	
881.0	
874.0	
901.0	
914.0	
942.0	
994.0	
892.0	
895.0	
895.0	
899.0	
925.0	
966.0	
927.0	
930.0	
930.0	
868.0	
871.0	
883.0	
903.0	
896.0	
918.0	
911.0	
936.0	
936.0	
851.0	
825.0	
826.0	
802.0	
824.0	
855.0	
843.0	
884.0	
928.0	
951.0	
886.0	
878.0	
917.0	
913.0	
958.0	
972.0	
946.0	
977.0	
977.0	
1021.0	
1046.0	
1046.0	
1054.0	
1090.0	
1095.0	
990.0	
989.0	
986.0	
994.0	
1040.0	
998.0	
1000.0	
991.0	
1018.0	
1027.0	
1024.0	
1045.0	
1028.0	
1028.0	
1028.0	
942.0	
950.0	
938.0	
987.0	
982.0	
982.0	
999.0	
1030.0	
893.0	
919.0	
889.0	
882.0	
883.0	
885.0	
849.0	
849.0	
857.0	
890.0	
893.0	
879.0	
878.0	
862.0	
862.0	
863.0	
864.0	
871.0	
856.0	
856.0	
863.0	
893.0	
897.0	
926.0	
926.0	
935.0	
963.0	
1016.0	
1005.0	
1002.0	
1006.0	
990.0	
931.0	
911.0	
904.0	
911.0	
916.0	
912.0	
912.0	
954.0	
927.0	
927.0	
937.0	
951.0	
997.0	
1069.0	
1097.0	
1175.0	
1182.0	
1188.0	
1130.0	
1109.0	
1121.0	
1121.0	
1122.0	
1122.0	
1137.0	
1122.0	
1110.0	
1106.0	
1159.0	
1158.0	
1192.0	
1102.0	
1099.0	
1083.0	
1097.0	
1152.0	
1152.0	
1042.0	
1006.0	
1036.0	
1014.0	
1101.0	
1087.0	
1085.0	
1085.0	
1084.0	
1085.0	
1093.0	
1069.0	
1078.0	
1086.0	
1104.0	
1089.0	
1086.0	
1086.0	
1091.0	
1105.0	
1122.0	
1147.0	
1074.0	
1075.0	
1103.0	
965.0	
965.0	
981.0	
948.0	
951.0	
961.0	
983.0	
962.0	
959.0	
959.0	
1002.0	
997.0	
1041.0	
1066.0	
1066.0	
1099.0	
1146.0	
1140.0	
1160.0	
1207.0	
1207.0	
1204.0	
1204.0	
1159.0	
1159.0	
1176.0	
1211.0	
1163.0	
1178.0	
1226.0	
1253.0	
1221.0	
1221.0	
1262.0	
1257.0	
1307.0	
1268.0	
1214.0	
1209.0	
1176.0	
1176.0	
1100.0	
1100.0	
1104.0	
1090.0	
1119.0	
1043.0	
1019.0	
1015.0	
934.0	
933.0	
937.0	
939.0	
939.0	
939.0	
973.0	
1032.0	
1119.0	
1117.0	
1117.0	
1097.0	
1079.0	
1052.0	
1053.0	
1054.0	
1064.0	
1074.0	
1073.0	
1080.0	
1092.0	
1092.0	
1092.0	
1079.0	
1095.0	
1040.0	
1043.0	
1040.0	
1064.0	
1102.0	
1136.0	
1147.0	
1147.0	
1218.0	
1207.0	
1202.0	
1202.0	
1202.0	
1162.0	
1159.0	
1153.0	
1103.0	
1102.0	
1102.0	
1100.0	
1105.0	
1112.0	
1128.0	
1137.0	
1119.0	
1113.0	
1113.0	
1113.0	
1121.0	
1151.0	
1148.0	
1152.0	
1164.0	
1164.0	
1110.0	
1144.0	
1187.0	
1190.0	
1194.0	
1273.0	
1188.0	
1185.0	
1185.0	
1185.0	
1175.0	
1177.0	
1186.0	
1215.0	
1199.0	
1240.0	
1166.0	
1080.0	
1073.0	
1064.0	
1054.0	
1053.0	
1053.0	
1053.0	
1086.0	
1080.0	
1020.0	
1022.0	
982.0	
988.0	
1000.0	
1000.0	
1004.0	
1042.0	
1027.0	
1011.0	
1022.0	
1091.0	
1060.0	
1053.0	
1053.0	
1053.0	
1053.0	
1066.0	
1128.0	
1128.0	
1127.0	
1126.0	
1180.0	
1179.0	
1096.0	
1129.0	
1095.0	
1120.0	
1154.0	
1175.0	
1143.0	
1143.0	
1148.0	
1149.0	
1148.0	
1103.0	
1103.0	
1103.0	
1110.0	
1083.0	
1092.0	
1103.0	
1089.0	
1089.0	
1067.0	
1067.0	
1067.0	
1068.0	
1072.0	
1079.0	
1077.0	
1077.0	
1077.0	
1104.0	
1096.0	
1087.0	
1117.0	
1107.0	
1129.0	
1138.0	
1175.0	
1174.0	
1211.0	
1174.0	
1179.0	
1135.0	
1134.0	
1134.0	
1186.0	
1122.0	
1122.0	
1125.0	
1153.0	
1158.0	
1222.0	
1252.0	
1287.0	
1257.0	
1262.0	
1299.0	
1374.0	
1353.0	
1340.0	
1339.0	
1304.0	
1304.0	
1305.0	
1266.0	
1318.0	
1304.0	
1297.0	
1299.0	
1286.0	
1258.0	
1275.0	
1282.0	
1282.0	
1277.0	
1277.0	
1277.0	
1277.0	
1296.0	
1307.0	
1323.0	
1348.0	
1353.0	
1249.0	
1156.0	
1118.0	
1118.0	
1109.0	
1109.0	
1154.0	
1154.0	
1171.0	
1267.0	
1301.0	
1315.0	
1368.0	
1329.0	
1324.0	
1355.0	
1336.0	
1336.0	
1336.0	
1367.0	
1468.0	
1423.0	
1423.0	
1406.0	
1407.0	
1407.0	
1419.0	
1440.0	
1454.0	
1454.0	
1376.0	
1287.0	
1254.0	
1254.0	
1150.0	
1149.0	
1136.0	
1136.0	
1137.0	
1134.0	
1107.0	
1087.0	
1093.0	
1092.0	
1119.0	
1147.0	
1197.0	
1281.0	
1281.0	
1281.0	
1281.0	
1297.0	
1258.0	
1153.0	
1167.0	
1185.0	
1206.0	
1074.0	
1082.0	
1106.0	
1084.0	
1123.0	
1125.0	
1153.0	
1013.0	
1013.0	
1007.0	
1007.0	
939.0	
902.0	
888.0	
922.0	
925.0	
932.0	
954.0	
951.0	
951.0	
952.0	
972.0	
992.0	
1005.0	
1005.0	
1005.0	
1012.0	
1012.0	
1010.0	
996.0	
996.0	
997.0	
1011.0	
1053.0	
1099.0	
1096.0	
1095.0	
1097.0	
1130.0	
1188.0	
1215.0	
1227.0	
1222.0	
1219.0	
1219.0	
1309.0	
1295.0	
1296.0	
1295.0	
1303.0	
1198.0	
1187.0	
1201.0	
1129.0	
1118.0	
1111.0	
1061.0	
1061.0	
1062.0	
1065.0	
1065.0	
1076.0	
1075.0	
1084.0	
1118.0	
1046.0	
1045.0	
1081.0	
1052.0	
1019.0	
1086.0	
1087.0	
1066.0	
1067.0	
1067.0	
1058.0	
1017.0	
990.0	
990.0	
988.0	
1007.0	
1033.0	
1028.0	
1032.0	
1040.0	
1043.0	
1052.0	
1055.0	
1076.0	
1124.0	
1124.0	
1111.0	
1088.0	
1109.0	
1133.0	
1167.0	
1167.0	
1212.0	
1172.0	
1178.0	
1143.0	
1143.0	
1165.0	
1086.0	
1073.0	
1073.0	
1073.0	
1072.0	
1072.0	
1055.0	
1055.0	
1062.0	
1086.0	
1083.0	
1087.0	
1113.0	
1096.0	
1109.0	
1069.0	
1094.0	
1145.0	
1210.0	
1210.0	
1235.0	
1235.0	
1237.0	
1218.0	
1251.0	
1248.0	
1244.0	
1246.0	
1248.0	
1243.0	
1208.0	
1205.0	
1199.0	
1199.0	
1217.0	
1189.0	
1208.0	
1180.0	
1180.0	
1202.0	
1162.0	
1149.0	
1178.0	
1178.0	
1145.0	
1086.0	
995.0	
995.0	
995.0	
998.0	
998.0	
1043.0	
1047.0	
1148.0	
1097.0	
1103.0	
1136.0	
1139.0	
1146.0	
1191.0	
1212.0	
1228.0	
1176.0	
1176.0	
1213.0	
1264.0	
1248.0	
1248.0	
1258.0	
1287.0	
1277.0	
1280.0	
1170.0	
1146.0	
1211.0	
1146.0	
1101.0	
1096.0	
1096.0	
1096.0	
1096.0	
1096.0	
1100.0	
1079.0	
1031.0	
1024.0	
1061.0	
1109.0	
1072.0	
1054.0	
1037.0	
1036.0	
933.0	
993.0	
994.0	
994.0	
966.0	
1007.0	
1007.0	
1007.0	
1043.0	
1030.0	
1030.0	
1033.0	
1036.0	
981.0	
982.0	
989.0	
990.0	
990.0	
984.0	
984.0	
1004.0	
1040.0	
1069.0	
1062.0	
994.0	
991.0	
991.0	
991.0	
992.0	
1043.0	
1072.0	
1072.0	
1119.0	
1107.0	
1107.0	
1152.0	
1118.0	
1134.0	
1152.0	
1198.0	
1100.0	
1100.0	
1100.0	
1149.0	
1125.0	
1131.0	
1183.0	
1183.0	
1183.0	
1184.0	
1182.0	
1207.0	
1208.0	
1239.0	
1126.0	
1119.0	
1050.0	
1044.0	
1044.0	
989.0	
986.0	
1034.0	
1088.0	
1088.0	
1155.0	
1152.0	
1077.0	
1064.0	
1067.0	
1069.0	
1116.0	
1107.0	
1100.0	
1122.0	
1152.0	
1152.0	
1148.0	
1148.0	
1180.0	
1040.0	
1042.0	
1046.0	
1080.0	
1122.0	
1122.0	
1124.0	
1038.0	
993.0	
1039.0	
1039.0	
1089.0	
1089.0	
1117.0	
1092.0	
1121.0	
1081.0	
1081.0	
1082.0	
1113.0	
1049.0	
1029.0	
972.0	
939.0	
963.0	
963.0	
930.0	
930.0	
943.0	
982.0	
1046.0	
1046.0	
1113.0	
1108.0	
1139.0	
1100.0	
1076.0	
1081.0	
1095.0	
1054.0	
1057.0	
1041.0	
1041.0	
1065.0	
1099.0	
1151.0	
1152.0	
1160.0	
1140.0	
1168.0	
1092.0	
1143.0	
1207.0	
1130.0	
1130.0	
1129.0	
1129.0	
1201.0	
1190.0	
1186.0	
1117.0	
1110.0	
1104.0	
1110.0	
1149.0	
1136.0	
1110.0	
1093.0	
1042.0	
979.0	
979.0	
979.0	
1025.0	
1025.0	
1028.0	
1123.0	
1135.0	
1110.0	
1108.0	
1074.0	
1125.0	
1106.0	
1136.0	
1101.0	
1101.0	
1101.0	
1101.0	
1103.0	
1105.0	
1029.0	
1029.0	
1020.0	
1021.0	
1072.0	
1065.0	
1062.0	
1063.0	
1077.0	
1078.0	
1052.0	
1066.0	
1002.0	
953.0	
946.0	
984.0	
1031.0	
1089.0	
1063.0	
1039.0	
1039.0	
1090.0	
1124.0	
1095.0	
1081.0	
1117.0	
1117.0	
1123.0	
1157.0	
1072.0	
1027.0	
1021.0	
1050.0	
1034.0	
997.0	
997.0	
1033.0	
1034.0	
1037.0	
1045.0	
1045.0	
1047.0	
1090.0	
1137.0	
1102.0	
1089.0	
1090.0	
1123.0	
1136.0	
1183.0	
1218.0	
1214.0	
1216.0	
1224.0	
1220.0	
1146.0	
1122.0	
1122.0	
1119.0	
1049.0	
1022.0	
988.0	
1017.0	
1017.0	
1022.0	
1041.0	
1041.0	
1044.0	
1048.0	
1057.0	
1068.0	
1068.0	
1068.0	
1105.0	
1097.0	
1097.0	
1144.0	
1135.0	
1135.0	
1128.0	
1159.0	
1202.0	
1187.0	
1125.0	
1122.0	
1145.0	
1168.0	
1103.0	
1060.0	
1030.0	
1030.0	
1056.0	
1041.0	
1062.0	
1062.0	
1051.0	
1048.0	
1048.0	
1094.0	
1095.0	
1149.0	
1247.0	
1151.0	
1163.0	
1163.0	
1163.0	
1163.0	
1187.0	
1263.0	
1281.0	
1284.0	
1224.0	
1210.0	
1120.0	
1120.0	
1120.0	
1143.0	
1037.0	
1083.0	
1070.0	
1137.0	
1113.0	
1113.0	
1078.0	
1014.0	
969.0	
959.0	
966.0	
1002.0	
992.0	
985.0	
990.0	
1010.0	
1035.0	
1066.0	
1070.0	
1073.0	
1073.0	
1073.0	
1081.0	
1088.0	
1118.0	
1118.0	
1143.0	
1072.0	
988.0	
987.0	
985.0	
983.0	
1015.0	
1011.0	
991.0	
991.0	
1051.0	
1083.0	
1083.0	
1179.0	
1184.0	
1322.0	
1326.0	
1355.0	
1355.0	
1360.0	
1372.0	
1372.0	
1346.0	
1330.0	
1330.0	
1270.0	
1264.0	
1256.0	
1206.0	
1204.0	
1204.0	
1220.0	
1236.0	
1235.0	
1237.0	
1235.0	
1236.0	
1262.0	
1210.0	
1210.0	
1214.0	
1212.0	
1212.0	
1209.0	
1211.0	
1201.0	
1210.0	
1222.0	
1141.0	
1141.0	
1141.0	
1147.0	
1152.0	
1181.0	
1192.0	
1218.0	
1251.0	
1244.0	
1252.0	
1219.0	
1216.0	
1216.0	
1216.0	
1232.0	
1201.0	
1201.0	
1208.0	
1183.0	
1229.0	
1218.0	
1144.0	
1156.0	
1178.0	
1200.0	
1186.0	
1007.0	
1003.0	
1063.0	
1038.0	
1038.0	
1039.0	
1006.0	
1026.0	
1064.0	
1077.0	
1095.0	
1078.0	
1056.0	
995.0	
995.0	
1002.0	
995.0	
993.0	
1039.0	
1031.0	
1022.0	
1022.0	
1029.0	
947.0	
947.0	
948.0	
985.0	
983.0	
1113.0	
1113.0	
1113.0	
1118.0	
1134.0	
1133.0	
1133.0	
1137.0	
1164.0	
1155.0	
1155.0	
1157.0	
1183.0	
1182.0	
1217.0	
1217.0	
1221.0	
1221.0	
1221.0	
1227.0	
1228.0	
1244.0	
1260.0	
1289.0	
1289.0	
1288.0	
1286.0	
1308.0	
1304.0	
1302.0	
1302.0	
1296.0	
1296.0	
1296.0	
1291.0	
1287.0	
1288.0	
1254.0	
1267.0	
1266.0	
1206.0	
1171.0	
1169.0	
1147.0	
1087.0	
1112.0	
1159.0	
1159.0	
1209.0	
1212.0	
1235.0	
1280.0	
1304.0	
1307.0	
1340.0	
1198.0	
1183.0	
1179.0	
1173.0	
1172.0	
1088.0	
1080.0	
1078.0	
1078.0	
1078.0	
1042.0	
1046.0	
1088.0	
1089.0	
1095.0	
1098.0	
1140.0	
1056.0	
1060.0	
1056.0	
1052.0	
1016.0	
991.0	
991.0	
991.0	
1008.0	
1053.0	
1070.0	
1041.0	
1065.0	
1111.0	
1105.0	
1147.0	
1068.0	
1068.0	
1122.0	
1104.0	
1103.0	
1103.0	
1097.0	
1124.0	
1152.0	
1178.0	
1139.0	
1179.0	
1177.0	
1174.0	
1117.0	
1095.0	
1084.0	
1077.0	
1077.0	
1077.0	
1093.0	
1125.0	
1089.0	
1092.0	
1092.0	
1063.0	
1109.0	
1074.0	
1095.0	
1089.0	
1120.0	
1120.0	
1096.0	
1082.0	
1079.0	
1079.0	
1079.0	
1079.0	
1080.0	
1080.0	
1082.0	
1095.0	
1130.0	
1130.0	
1135.0	
1156.0	
1180.0	
1230.0	
1214.0	
1238.0	
1105.0	
1105.0	
1087.0	
1186.0	
1136.0	
1130.0	
1104.0	
1102.0	
1017.0	
1008.0	
1008.0	
1029.0	
1029.0	
1029.0	
1081.0	
1066.0	
1172.0	
1136.0	
1136.0	
1061.0	
1061.0	
1056.0	
1082.0	
1110.0	
1139.0	
1166.0	
1180.0	
1255.0	
1227.0	
1217.0	
1193.0	
1225.0	
1189.0	
1217.0	
1217.0	
1170.0	
1141.0	
1131.0	
1136.0	
1136.0	
1147.0	
1147.0	
1154.0	
1163.0	
1132.0	
1176.0	
1177.0	
1125.0	
1108.0	
1106.0	
1106.0	
1117.0	
1094.0	
1072.0	
1055.0	
1092.0	
1091.0	
1088.0	
1088.0	
1092.0	
1116.0	
1110.0	
1110.0	
1135.0	
1142.0	
1129.0	
1129.0	
1136.0	
1135.0	
1139.0	
1060.0	
1058.0	
1062.0	
1062.0	
1066.0	
1056.0	
1058.0	
1009.0	
1018.0	
977.0	
977.0	
956.0	
962.0	
896.0	
912.0	
915.0	
919.0	
949.0	
994.0	
904.0	
925.0	
925.0	
933.0	
972.0	
1026.0	
1026.0	
1046.0	
1089.0	
1171.0	
1262.0	
1217.0	
1212.0	
1180.0	
1175.0	
1175.0	
1129.0	
1132.0	
1147.0	
1147.0	
1083.0	
1038.0	
1038.0	
1038.0	
1054.0	
1076.0	
1054.0	
1056.0	
1059.0	
1058.0	
1056.0	
1014.0	
1014.0	
1024.0	
1033.0	
1083.0	
1047.0	
1047.0	
1080.0	
1123.0	
1192.0	
1155.0	
1172.0	
1145.0	
1051.0	
1081.0	
1104.0	
1024.0	
1078.0	
1157.0	
1203.0	
1275.0	
1278.0	
1257.0	
1257.0	
1220.0	
1224.0	
1236.0	
1229.0	
1284.0	
1272.0	
1266.0	
1244.0	
1248.0	
1243.0	
1247.0	
1249.0	
1277.0	
1277.0	
1289.0	
1303.0	
1306.0	
1306.0	
1341.0	
1256.0	
1245.0	
1241.0	
1241.0	
1214.0	
1211.0	
1251.0	
1282.0	
1282.0	
1283.0	
1244.0	
1260.0	
1213.0	
1201.0	
1186.0	
1062.0	
966.0	
966.0	
961.0	
961.0	
964.0	
967.0	
1016.0	
1127.0	
1098.0	
1070.0	
1068.0	
1049.0	
1049.0	
1065.0	
1124.0	
1164.0	
1155.0	
1155.0	
1148.0	
1148.0	
1148.0	
1149.0	
1138.0	
1116.0	
1119.0	
1150.0	
1188.0	
1188.0	
1186.0	
1184.0	
1184.0	
1195.0	
1059.0	
961.0	
960.0	
960.0	
898.0	
899.0	
923.0	
945.0	
974.0	
1041.0	
1070.0	
1069.0	
1076.0	
1076.0	
1085.0	
1181.0	
1177.0	
1151.0	
1148.0	
1144.0	
1150.0	
1128.0	
1138.0	
1099.0	
1083.0	
